Cluster	Lineage	cluster	D1_2	D1_35	D2.1_6	D2.2	D3D_2	D3K_5	D3K_56	D4_12	D4_185	D5_2	D5_4	D5_6	D5_8	D5_31	D5_53	D5ref	D6_5	D6_7	D7_4	D7_157	D8_8	D8_9	D9_4	D10_3	D10_7	D10_8	D11_1	A1_97	A1_155	A2_101	A2_34	F1_1
CL0001	LTR/Gypsy	1	855	680	789	707	803	895	700	1003	666	909	1753	935	621	703	787	783	899	974	911	705	871	1022	961	619	694	685	904	1473	1447	2245	1427	1542
CL0002	LTR/Gypsy	2	1217	627	676	618	603	773	560	882	621	495	1534	1088	746	475	352	640	839	1196	823	567	614	1277	745	463	565	529	878	1710	1518	2586	1756	1928
CL0003	LTR/Gypsy	3	485	338	445	338	341	422	282	359	324	252	248	607	384	221	219	316	353	478	324	305	402	457	449	313	320	323	307	2796	2448	2806	3327	1629
CL0004	LTR/Gypsy	4	414	302	329	245	277	301	220	299	246	192	259	461	295	192	171	283	345	364	261	226	329	394	396	224	250	258	285	2971	2720	3358	3693	1478
CL0005	LTR/Gypsy	5	453	245	370	275	267	332	231	309	206	238	364	541	365	201	210	289	363	514	297	235	334	481	366	257	276	280	299	2555	2230	2927	3073	1434
CL0006	LTR/Gypsy	6	430	279	387	277	264	355	237	353	273	242	228	473	345	231	211	305	391	414	318	287	346	475	355	295	297	283	316	2261	2123	2399	2652	1429
CL0007	LTR/Gypsy	7	924	649	558	481	687	832	535	702	519	408	407	1215	956	490	435	757	465	607	761	562	684	775	796	443	529	505	726	336	365	239	323	314
CL0008	LTR/Gypsy	8	228	568	478	573	622	553	552	530	553	758	610	492	305	572	625	533	566	306	572	525	535	290	554	523	527	540	530	943	1054	1096	952	965
CL0009	LTR	9	567	499	580	605	542	608	552	608	595	501	893	504	463	483	505	483	540	646	616	560	499	620	720	494	474	505	585	583	594	782	600	522
CL0010	LTR/Gypsy	10	173	386	497	549	518	469	458	437	535	414	228	554	200	383	376	344	490	305	416	490	444	237	553	489	480	516	412	1789	1935	1448	1588	505
CL0011	LTR/Gypsy	11	168	483	566	598	577	501	526	548	643	483	227	592	155	474	452	344	530	228	512	571	501	230	697	550	564	607	454	985	1185	935	1117	728
CL0012	LTR/Gypsy	12	161	290	250	296	307	309	326	353	314	328	290	324	162	268	286	256	308	230	329	293	333	220	319	266	260	309	311	2131	2202	1999	2228	891
CL0013	LTR/Gypsy	13	127	383	240	310	298	290	318	296	394	364	314	196	151	297	304	235	243	152	333	365	298	164	342	268	262	249	280	1652	1745	2133	1726	1822
CL0014	LTR/Gypsy	14	539	416	489	395	428	507	371	558	437	353	689	561	412	359	331	477	522	613	496	444	471	589	490	406	397	364	502	639	611	761	635	685
CL0015	LTR/Gypsy	15	86	348	259	313	368	262	321	301	419	339	204	149	152	340	386	276	270	126	292	390	318	124	316	323	344	338	284	1451	1636	1382	1474	1309
CL0016	LTR/Gypsy	16	2	4	8	6	9	6	11	11	14	12	10	7	7	4	2	7	18	8	6	11	10	1	21	2	9	9	4	3223	3136	3902	4020	338
CL0017	LTR/Gypsy	17	116	297	326	358	360	353	263	300	312	270	156	577	173	258	224	265	408	223	322	302	319	227	399	316	348	353	289	1254	1318	1335	1392	1071
CL0018	LTR/Gypsy	18	478	360	444	404	436	518	367	596	406	454	972	511	359	405	389	446	486	500	487	345	443	560	495	351	368	353	502	301	303	388	276	310
CL0019	LTR/Gypsy	19	114	468	387	565	551	402	570	408	648	469	256	198	123	521	534	398	361	153	432	631	413	144	529	483	558	567	379	614	732	519	691	490
CL0020	LTR/Gypsy	20	48	54	52	59	43	45	34	39	44	29	15	52	35	34	24	39	44	49	45	42	33	52	55	52	64	67	39	2818	2769	3538	3775	401
CL0021	LTR/Gypsy	21	192	590	323	519	595	459	675	472	674	563	428	432	215	683	677	545	297	163	469	753	437	212	533	521	539	466	489	137	143	106	101	98
CL0022	LTR/Gypsy	22	531	394	327	313	465	494	313	428	299	218	267	888	646	269	243	434	338	346	447	337	480	481	487	239	316	280	469	537	519	392	571	431
CL0023	LTR/Gypsy	23	575	325	340	302	296	328	259	360	243	263	488	720	350	241	226	357	338	672	313	287	314	531	366	296	329	310	398	571	557	755	608	640
CL0024	LTR/Gypsy	24	461	184	248	215	201	241	162	241	155	165	221	507	340	156	134	324	287	564	268	176	212	437	259	173	207	196	274	1277	1138	1112	1423	957
CL0025	LTR/Gypsy	25	332	244	337	282	274	294	241	300	273	216	220	398	313	231	195	285	321	382	273	248	291	371	389	257	285	318	276	986	1002	908	1118	1043
CL0026	LTR/Gypsy	26	209	269	180	193	178	221	221	254	276	285	546	167	135	238	239	162	240	241	243	216	268	273	237	171	173	173	243	1243	1270	1981	1241	1060
CL0027	LTR/Gypsy	27	299	334	358	422	364	369	354	414	404	387	420	373	248	347	344	357	413	355	379	377	334	341	450	332	372	407	431	649	551	511	599	512
CL0028	LTR/Gypsy	28	584	374	294	260	397	503	307	336	269	226	267	706	471	233	212	350	246	337	405	260	432	496	408	239	251	234	372	735	671	580	726	528
CL0029	LTR/Gypsy	29	716	394	322	284	427	514	344	479	331	335	316	873	759	349	291	519	270	411	475	338	464	606	466	285	347	296	485	170	177	102	178	181
CL0030	LTR/Gypsy	30	484	452	366	360	502	519	387	436	359	354	318	749	577	372	383	485	345	351	465	370	468	472	471	303	368	348	470	216	200	146	207	227
CL0031	LTR/Gypsy	31	261	155	196	156	147	169	144	185	164	133	230	179	141	136	111	163	179	241	163	143	195	230	178	164	186	167	157	1668	1567	2012	1851	831
CL0032	LTR/Gypsy	32	243	485	328	411	499	439	449	444	500	264	192	549	234	355	229	481	287	146	416	546	423	255	501	352	388	326	430	427	415	278	418	351
CL0033	LTR/Gypsy	33	0	1	0	0	0	0	1	0	0	0	1	0	0	0	0	1	0	0	1	1	1	1	0	0	1	1	0	2388	2171	4180	3195	30
CL0034	LTR/Gypsy	34	418	206	231	201	187	205	163	176	182	122	109	413	262	124	116	216	206	303	176	175	218	356	215	169	182	174	196	1237	1106	1037	1414	644
CL0035	LTR/Gypsy	35	89	176	145	170	163	181	170	162	185	204	134	215	97	200	161	151	167	117	210	164	168	126	188	150	189	186	177	1226	1237	1228	1331	1326
CL0036	LTR	36	105	275	339	410	346	296	299	324	353	387	457	236	104	296	352	238	361	172	307	365	304	143	421	402	400	396	362	395	477	461	422	333
CL0037	LTR/Gypsy	37	312	265	232	236	254	241	223	265	225	211	172	392	345	212	179	284	290	316	248	215	262	340	292	214	267	249	288	657	663	488	786	426
CL0038	LTR/Gypsy	38	0	0	0	0	0	0	0	0	0	0	0	0	0	0	0	1	0	0	0	0	0	0	0	0	0	0	0	2017	1817	3497	2635	214
CL0039	LTR/Gypsy	39	1	0	1	0	0	0	0	1	0	0	0	2	1	0	1	0	0	0	0	0	1	2	0	0	0	0	0	2003	1938	2419	2429	802
CL0040	LTR/Gypsy	40	2	1	1	1	4	4	2	7	2	6	12	2	2	6	5	1	6	9	3	2	9	4	2	7	5	2	2	1842	1880	3366	2330	16
CL0041	LTR/Gypsy	41	193	145	434	243	327	377	280	577	331	224	268	395	319	253	189	326	308	406	537	556	401	275	435	254	247	239	407	12	8	22	12	11
CL0042	LTR/Gypsy	42	85	300	262	302	314	258	276	301	360	279	104	235	75	255	244	183	232	107	287	347	251	102	354	251	267	261	302	512	577	477	570	386
CL0043	LTR/Gypsy	43	92	236	312	363	308	250	249	243	311	217	110	302	121	222	205	214	299	160	229	248	284	152	281	343	369	354	257	484	514	378	473	461
CL0044	LTR/Gypsy	44	0	0	0	0	0	0	0	0	0	0	0	0	0	0	0	0	0	0	0	0	0	0	0	0	0	0	0	2056	1689	3094	2344	23
CL0045	LTR/Gypsy	45	104	177	193	208	247	231	219	237	234	218	205	330	131	214	188	169	256	182	194	194	226	153	282	190	186	183	188	674	629	999	645	466
CL0046	LTR/Gypsy	46	527	254	258	129	287	369	157	309	134	236	285	815	394	220	224	341	258	369	306	124	301	461	275	205	242	230	286	194	164	144	191	137
CL0047	LTR/Gypsy	47	134	252	246	260	280	277	227	298	243	305	589	380	150	237	271	226	272	216	297	244	300	155	297	233	219	250	262	318	318	465	325	338
CL0048	LTR	48	296	232	286	242	249	296	225	290	251	298	467	347	207	273	278	248	290	301	277	245	247	349	285	241	273	235	307	201	224	291	203	207
CL0049	LTR/Gypsy	49	206	300	300	310	336	282	292	297	256	311	276	186	216	312	289	299	305	275	316	315	291	214	302	268	298	294	281	213	229	220	220	222
CL0050	LTR/Gypsy	50	125	257	259	238	265	281	265	299	289	331	387	406	170	242	286	251	350	241	288	266	293	200	316	248	280	265	283	242	209	277	235	229
CL0051	LTR	51	209	252	254	307	262	266	240	290	224	277	529	319	175	272	267	257	263	246	267	263	258	247	325	255	263	244	249	209	254	290	189	198
CL0052	LTR/Gypsy	52	108	98	112	91	97	134	85	121	91	118	261	119	93	104	112	109	127	149	137	107	130	135	131	65	79	101	109	1113	972	1414	996	968
CL0053	LTR/Gypsy	53	321	222	265	204	248	286	210	308	208	193	201	608	301	207	187	256	266	352	286	200	237	317	261	199	228	252	279	225	228	170	265	234
CL0054	LTR/Gypsy	54	54	82	98	78	93	78	75	88	59	71	70	124	43	63	71	68	73	47	68	79	80	64	64	76	74	75	77	1209	1215	1433	1265	1276
CL0055	LTR/Gypsy	55	11	32	25	31	28	21	32	19	38	32	7	51	12	28	22	23	26	11	39	39	30	15	26	28	39	33	39	1509	1619	1346	1768	1378
CL0056	LTR/Gypsy	56	44	77	94	144	125	93	117	90	128	104	135	86	45	90	77	85	91	115	92	111	88	86	101	155	132	157	91	948	1002	1569	971	970
CL0057	LTR	57	77	184	686	330	304	291	323	217	263	183	311	498	386	217	165	477	45	79	343	377	499	63	147	266	195	199	152	102	89	219	259	34
CL0058	LTR/Gypsy	58	0	0	0	0	0	0	0	0	0	0	0	0	0	0	0	0	0	0	0	0	0	0	0	0	0	0	0	1421	1307	3471	2050	10
CL0059	LTR/Copia	59	384	210	213	160	234	327	189	451	229	184	205	437	418	200	189	318	322	344	366	221	287	329	348	122	144	153	389	87	100	87	105	73
CL0060	LTR/Gypsy	60	189	195	236	167	226	239	191	211	224	126	188	316	126	127	146	138	151	119	184	182	212	167	284	144	164	138	185	577	557	675	585	689
CL0061	LTR	61	137	200	209	225	240	231	222	215	287	187	462	224	119	185	166	202	197	166	195	214	185	114	350	189	194	222	234	434	453	558	417	260
CL0062	LTR/Gypsy	62	265	103	99	30	78	118	33	114	41	319	546	2078	884	285	278	522	239	435	132	43	128	327	115	84	85	78	103	71	69	74	74	61
CL0063	LTR/Gypsy	63	7	22	13	22	28	20	23	20	40	27	8	28	17	22	20	14	22	12	21	26	34	17	47	26	22	24	17	1722	1628	1482	2130	461
CL0064	LTR/Gypsy	64	10	14	20	10	14	16	9	15	7	19	6	17	9	17	11	15	21	12	11	8	17	11	11	8	14	11	5	1232	1267	2037	1494	1550
CL0065	LTR/Gypsy	65	207	159	222	162	173	196	165	264	154	215	595	222	139	165	193	183	225	205	241	168	162	234	221	164	152	147	215	360	357	576	347	409
CL0066	LTR/Gypsy	66	214	256	214	205	266	297	228	274	211	227	171	557	275	228	250	240	192	179	285	246	271	255	285	189	236	210	292	138	183	111	143	170
CL0067	LTR/Gypsy	67	188	352	287	426	314	337	345	277	296	110	68	309	145	145	170	201	366	223	311	349	263	239	327	387	412	416	241	3	4	4	3	3
CL0068	LTR/Copia	68	273	181	202	153	221	280	155	228	136	145	94	852	191	165	147	180	225	239	190	166	250	292	240	158	178	145	176	308	301	250	439	370
CL0069	LTR/Gypsy	69	274	194	256	244	222	276	200	304	200	205	261	369	315	219	179	271	251	311	245	198	254	321	259	191	243	245	273	132	116	113	121	139
CL0070	LTR/Gypsy	70	212	147	200	150	173	189	125	197	147	143	342	313	115	120	132	146	127	207	166	136	164	216	189	176	151	189	164	524	483	709	518	297
CL0071	LTR/Gypsy	71	176	287	304	243	169	189	180	271	222	261	253	224	196	236	259	256	240	212	296	294	360	224	266	258	277	235	270	95	88	138	108	95
CL0072	LTR/Copia	72	231	176	198	201	234	273	187	272	180	159	210	798	196	165	149	250	261	220	223	172	208	270	240	169	194	176	257	167	160	144	159	220
CL0073	LTR/Gypsy	73	295	136	160	110	126	168	103	160	105	103	119	294	278	114	102	173	161	248	160	100	116	272	163	96	128	133	173	564	533	498	622	603
CL0074	LTR/Gypsy	74	221	215	239	212	233	231	179	293	209	243	625	403	157	216	236	206	300	280	282	189	240	296	251	204	169	208	260	60	49	87	45	54
CL0075	LTR	75	55	206	146	286	280	167	272	174	364	227	178	130	55	204	248	187	151	54	185	274	203	41	281	242	240	262	161	404	481	381	418	284
CL0076	LTR/Gypsy	76	406	169	181	137	141	166	153	205	124	132	501	469	220	143	129	168	187	426	182	117	184	435	186	157	168	165	209	192	192	326	236	184
CL0077	LTR/Gypsy	77	200	241	260	260	265	282	219	300	255	222	197	598	164	227	214	259	313	299	259	227	228	227	325	153	201	182	295	24	17	27	18	21
CL0078	LTR/Gypsy	78	164	207	198	200	212	239	167	235	239	181	341	242	127	194	180	191	268	192	212	205	220	189	271	173	186	199	226	250	257	323	262	204
CL0079	LTR/Gypsy	79	16	9	9	5	14	19	15	22	8	12	15	7	8	8	10	12	9	22	17	11	13	15	35	6	8	3	13	1300	1338	1655	1363	1070
CL0080	LTR/Gypsy	80	177	162	355	235	258	253	235	251	175	152	148	191	219	166	137	228	238	289	242	239	276	200	236	219	232	196	222	208	188	142	188	124
CL0081	LTR	81	558	146	259	157	134	157	66	175	139	63	114	451	585	55	33	173	142	545	312	121	149	310	206	242	418	344	188	195	54	72	165	150
CL0082	LTR/Gypsy	82	61	105	86	100	95	112	97	92	96	78	77	86	62	96	68	96	99	72	107	98	104	61	114	66	101	92	98	941	982	1108	977	396
CL0083	DNA/MULE-MuDR	83	286	224	170	253	207	197	236	216	240	151	235	562	250	201	187	296	191	244	220	235	198	203	216	237	222	242	219	64	99	57	74	72
CL0084	LTR/Gypsy	84	107	212	194	258	241	219	217	197	217	263	182	165	82	250	253	196	191	126	198	255	194	117	211	240	193	236	199	222	293	261	259	239
CL0085	LTR/Gypsy	85	253	177	188	180	202	194	163	214	184	168	153	425	203	214	177	220	225	226	219	197	180	215	187	183	197	203	193	225	250	189	224	226
CL0086	LTR/Gypsy	86	183	188	175	239	219	195	209	220	205	205	368	294	180	187	179	189	241	223	194	215	210	211	275	184	195	197	210	153	177	178	178	153
CL0087	LTR/Gypsy	87	296	178	196	135	216	253	159	272	142	184	307	557	272	190	180	273	167	193	246	155	244	295	268	150	163	180	241	92	76	84	86	102
CL0088	LTR/Copia	88	226	148	176	144	185	226	145	306	209	212	502	528	127	144	178	157	160	242	275	195	198	248	269	121	149	128	270	77	89	142	95	91
CL0089	LTR/Gypsy	89	147	81	88	65	76	92	63	88	63	39	37	151	98	61	40	106	73	138	82	72	83	171	91	54	93	75	92	839	858	1066	972	535
CL0090	*	90	244	164	191	174	151	173	124	315	199	155	251	383	215	160	157	240	225	226	272	237	177	246	234	153	173	163	310	118	98	115	123	139
CL0091	LTR	91	90	246	175	264	247	191	273	188	255	227	125	75	104	248	246	174	203	114	198	293	166	115	208	274	248	274	183	204	223	187	193	190
CL0092	LTR/Gypsy	92	188	190	203	210	206	195	157	244	186	219	300	173	183	173	204	167	200	219	223	154	210	228	237	185	192	191	219	138	151	164	153	137
CL0093	LTR	93	170	157	192	198	159	204	156	224	177	209	375	311	131	167	215	159	199	184	208	149	206	182	229	145	158	160	184	164	163	225	169	162
CL0094	LTR/Copia	94	94	267	146	240	254	194	220	170	229	245	150	159	100	229	236	209	298	148	198	245	185	131	182	229	234	212	176	113	151	126	111	137
CL0095	LTR/Gypsy	95	76	63	58	66	62	76	61	76	73	58	74	89	74	45	55	63	66	82	77	54	65	84	74	65	64	61	61	977	989	866	1042	372
CL0096	LTR/Gypsy	96	188	251	191	311	268	266	271	187	238	61	58	247	170	162	117	170	235	221	228	264	163	187	223	324	340	293	173	31	28	6	23	17
CL0097	Unspecified	97	209	155	134	137	145	163	108	258	173	208	330	691	160	213	189	221	90	71	232	162	149	143	173	150	134	127	230	175	172	156	149	156
CL0098	LTR/Gypsy	98	202	106	291	211	204	272	191	219	139	139	145	333	255	130	121	237	189	257	266	251	254	195	247	180	198	154	323	27	21	28	34	31
CL0099	LTR/Gypsy	99	266	141	212	163	144	204	138	204	154	141	146	391	191	132	144	209	210	233	206	147	178	271	185	139	143	173	223	166	148	160	166	183
CL0100	LTR	100	105	214	145	219	219	168	174	192	217	207	181	482	192	223	213	252	98	44	199	200	183	104	196	173	189	172	213	141	174	164	149	138
CL0101	LTR/Gypsy	101	383	137	176	139	128	190	88	168	129	103	118	287	270	118	93	187	156	373	171	137	171	354	146	102	128	127	174	207	182	152	201	273
CL0102	LTR/Gypsy	102	66	61	71	57	73	85	54	71	53	55	77	70	73	76	66	81	64	95	83	64	59	79	75	62	68	60	84	924	871	860	965	352
CL0103	LTR/Copia	103	154	139	132	183	193	192	171	162	154	126	119	300	104	154	146	147	162	124	156	156	178	130	176	144	159	139	137	304	298	267	352	292
CL0104	LTR/Gypsy	104	305	134	206	297	131	164	105	107	151	37	86	284	355	49	27	162	100	438	201	161	148	266	125	198	373	228	158	174	69	76	141	91
CL0105	LTR/Copia	105	173	127	190	136	175	212	167	214	164	185	175	397	166	147	146	150	164	171	226	201	150	171	208	152	146	153	232	94	84	109	91	110
CL0106	LTR/Gypsy	106	275	185	274	233	172	256	208	216	164	77	83	327	161	88	80	154	211	276	222	160	167	259	186	183	260	237	164	5	0	0	1	4
CL0107	LTR/Copia	107	123	143	137	185	195	161	201	189	263	174	177	258	123	187	187	146	118	122	210	304	137	147	195	186	176	208	184	119	98	117	98	102
CL0108	LTR/Gypsy	108	106	154	130	197	180	133	200	137	203	220	156	202	111	191	196	162	186	120	164	188	130	134	163	172	196	183	156	174	168	148	175	156
CL0109	LTR/Gypsy	109	96	166	138	218	189	131	203	117	210	167	95	172	115	197	166	149	151	117	137	201	146	97	154	218	211	203	148	203	220	176	194	185
CL0110	LTR/Gypsy	110	112	80	139	85	123	136	120	310	134	111	142	158	147	108	83	151	162	232	167	133	92	152	176	95	93	102	160	263	227	301	251	374
CL0111	LTR/Gypsy	111	123	161	303	115	98	133	135	112	116	359	88	233	187	179	74	71	94	79	99	70	272	114	88	266	57	128	113	416	316	206	173	296
CL0112	LTR/Gypsy	112	212	243	196	299	229	225	228	163	218	68	43	191	103	90	81	132	221	209	212	242	150	223	171	234	325	248	137	2	7	4	2	2
CL0113	LTR/Gypsy	113	85	89	133	136	107	96	104	103	100	104	179	92	58	104	102	93	146	134	107	96	103	112	124	149	129	128	112	415	411	568	354	364
CL0114	LTR/Gypsy	114	253	162	166	155	168	193	133	167	137	87	71	512	166	124	84	197	125	200	165	127	157	213	175	115	145	130	185	114	93	72	91	134
CL0115	LTR/Copia	115	170	147	160	186	163	127	137	157	151	165	184	326	114	153	188	152	136	108	161	176	178	161	171	171	173	169	173	115	94	112	88	108
CL0116	LTR/Gypsy	116	267	148	229	196	95	136	92	125	153	45	59	272	304	47	27	161	106	494	259	163	107	211	132	115	244	142	194	109	62	64	121	89
CL0117	LTR/Gypsy	117	127	85	151	126	74	102	79	92	77	41	54	132	118	69	72	105	125	208	88	91	96	173	85	102	159	140	82	387	403	261	521	463
CL0118	LTR/Copia	118	140	152	141	181	143	151	147	150	160	158	146	134	126	174	177	156	166	152	180	166	158	159	176	151	162	158	130	133	139	122	108	129
CL0119	LTR/Gypsy	119	262	145	102	101	143	171	115	162	120	100	134	322	256	136	102	182	91	161	163	118	175	250	175	79	129	110	166	114	125	107	99	135
CL0120	LTR/Gypsy	120	231	161	245	185	188	255	187	110	102	120	125	448	129	85	99	122	188	235	172	127	179	264	131	171	177	190	117	12	11	12	10	7
CL0121	LTR/Gypsy	121	243	121	208	177	74	105	77	142	148	58	142	234	302	52	27	159	91	418	198	111	135	220	109	116	212	163	181	130	110	99	164	82
CL0122	LTR/Gypsy	122	24	44	40	65	80	42	62	35	51	54	50	47	28	52	50	34	53	24	66	63	48	19	65	41	78	47	51	848	894	762	812	274
CL0123	LTR/Gypsy	123	161	147	140	136	153	144	146	157	141	182	206	170	126	123	161	153	166	182	167	141	149	172	156	133	158	152	184	95	99	117	103	99
CL0124	DNA/MULE-MuDR	124	171	154	119	100	169	177	82	164	94	144	223	491	200	158	134	215	124	193	143	102	139	207	171	131	154	128	182	57	50	41	50	39
CL0125	LTR/Copia	125	159	82	91	67	182	283	138	116	188	96	110	272	109	67	73	98	238	254	170	87	241	178	262	44	65	52	107	201	204	204	203	42
CL0126	LTR/Copia	126	60	137	131	179	195	148	190	141	176	155	96	203	110	159	169	144	175	90	148	175	141	82	175	164	152	185	130	122	169	91	141	136
CL0127	DNA/MULE-MuDR	127	280	133	136	82	128	155	85	177	92	91	171	618	187	114	71	161	143	222	161	93	132	235	153	97	104	84	202	50	39	62	59	55
CL0128	LTR/Gypsy	128	3	4	3	2	2	4	1	3	2	3	4	4	5	2	6	4	4	5	2	2	3	2	0	0	0	5	4	961	900	1145	960	689
CL0129	LTR/Copia	129	210	138	140	129	139	134	113	167	119	144	114	169	130	123	126	157	146	208	133	139	132	192	161	124	130	114	161	113	114	81	124	106
CL0130	LTR/Gypsy	130	83	127	153	149	144	156	138	149	140	184	181	137	53	147	160	122	158	93	155	150	130	97	150	133	125	133	143	135	194	192	168	135
CL0131	LTR/Gypsy	131	239	90	135	109	150	188	108	140	79	74	117	284	291	79	65	178	115	392	157	96	152	203	150	76	155	96	155	88	84	71	89	54
CL0132	LTR/Copia	132	155	117	132	96	141	177	90	141	87	73	84	411	115	86	66	103	141	130	123	86	134	192	130	86	82	110	127	178	179	191	235	177
CL0133	LTR/Gypsy	133	266	101	140	197	64	96	100	87	143	29	43	236	326	34	21	135	57	463	141	150	97	198	84	179	330	213	105	124	39	51	79	68
CL0134	LTR/Gypsy	134	4	5	4	3	1	3	4	6	8	2	9	3	2	2	7	3	10	5	5	2	5	9	6	3	3	1	5	833	795	1303	989	366
CL0135	LTR/Gypsy	135	199	103	139	105	116	115	101	132	102	86	311	167	120	87	81	110	148	259	152	105	103	244	131	103	114	87	147	85	108	171	114	102
CL0136	LTR/Gypsy	136	40	153	215	107	79	104	124	82	104	382	63	74	56	174	81	55	72	38	76	74	252	39	79	257	60	115	91	312	360	184	189	271
CL0137	LTR/Gypsy	137	146	90	107	105	134	125	112	135	108	120	132	301	151	98	97	139	140	186	141	107	123	203	139	103	125	105	119	121	114	104	129	102
CL0138	LTR/Gypsy	138	49	151	96	172	197	116	137	129	193	123	224	216	56	144	125	141	111	55	148	186	92	53	133	162	174	199	136	111	126	80	108	99
CL0139	LTR/Copia	139	43	101	118	235	131	85	167	103	187	119	98	164	73	129	156	110	127	55	135	218	106	47	148	178	199	207	106	117	171	86	144	134
CL0140	LTR/Gypsy	140	173	85	107	33	101	181	42	157	29	119	312	614	403	124	87	269	151	219	140	33	109	201	131	65	98	81	148	0	0	0	0	0
CL0141	LTR/Copia	141	90	125	129	139	133	134	132	131	150	141	191	195	84	136	134	118	128	109	122	146	126	95	164	122	137	145	118	112	132	123	108	107
CL0142	LTR/Gypsy	142	205	172	148	183	121	166	139	188	143	60	95	121	60	52	50	74	174	221	217	167	153	190	176	211	201	204	140	0	0	0	0	1
CL0143	LTR/Gypsy	143	188	125	110	93	110	138	93	135	103	75	62	225	136	80	91	125	131	167	122	99	118	137	118	81	121	115	123	165	140	119	148	150
CL0144	LTR/Copia	144	94	125	255	91	66	90	87	81	92	266	58	162	125	137	66	55	83	60	93	55	216	60	75	189	49	82	74	318	264	137	134	249
CL0145	LTR/Gypsy	145	169	188	149	178	151	154	144	107	137	62	33	228	96	68	59	88	139	189	136	169	131	166	145	184	201	202	131	10	11	15	14	7
CL0146	LTR/Copia	146	26	91	135	235	120	105	151	101	173	108	64	169	33	119	124	121	117	55	113	215	83	43	144	163	202	190	115	90	162	93	112	138
CL0147	LTR/Gypsy	147	81	126	239	77	58	89	103	79	93	292	72	177	124	126	41	54	79	51	62	63	209	68	86	203	57	85	99	292	248	148	139	242
CL0148	LTR/Gypsy	148	185	123	173	131	142	189	143	112	94	72	90	307	96	58	70	110	205	215	120	106	137	210	147	140	149	121	116	7	4	6	6	7
CL0149	*	149	87	142	212	74	72	93	90	51	87	279	73	106	96	140	46	52	56	50	78	51	227	79	78	188	68	95	83	303	270	168	176	207
CL0150	LTR/Copia	150	121	110	111	66	117	137	116	134	70	92	49	362	104	63	87	85	111	104	93	92	115	127	110	72	86	73	111	157	156	146	222	182
CL0151	LTR/Gypsy	151	118	102	226	132	158	216	167	191	108	47	46	110	151	53	34	112	134	185	204	178	193	117	182	112	121	113	164	15	8	4	11	17
CL0152	LTR	152	182	145	115	86	169	131	114	146	103	79	89	406	145	84	69	170	121	111	131	109	120	141	125	86	111	91	156	38	55	36	50	44
CL0153	*	153	67	125	176	78	70	77	108	69	90	327	47	117	87	147	69	46	66	38	62	46	213	54	84	219	51	110	62	331	282	150	164	205
CL0154	LTR/Gypsy	154	124	114	135	104	119	187	108	140	91	120	111	499	157	100	88	151	149	152	135	123	112	160	115	118	111	126	94	1	0	0	0	0
CL0155	LTR/Gypsy	155	59	126	93	122	136	99	98	125	108	83	59	139	88	111	132	110	104	83	93	123	122	63	115	97	112	112	113	200	213	131	197	217
CL0156	LTR/Gypsy	156	0	0	0	0	0	0	0	0	0	0	0	0	0	0	0	0	0	0	0	0	0	0	0	0	0	0	0	578	667	1165	975	473
CL0157	LTR/Gypsy	157	121	116	73	150	145	86	167	91	169	140	95	143	115	227	257	138	29	40	85	168	78	96	70	172	188	158	93	78	104	42	65	50
CL0158	LTR/Gypsy	158	193	107	109	107	115	143	98	133	86	86	111	191	207	93	88	168	111	204	122	103	102	191	127	95	101	99	143	58	43	40	48	78
CL0159	LTR/Copia	159	91	100	94	84	93	153	105	168	127	136	191	204	71	117	119	87	119	97	164	121	136	126	174	86	88	103	137	68	72	83	71	55
CL0160	LTR/Gypsy	160	117	107	132	114	123	122	109	152	132	122	95	94	98	126	92	124	143	144	155	106	99	121	137	102	121	100	151	67	85	81	83	71
CL0161	LTR/Gypsy	161	166	98	115	107	91	103	99	107	75	105	65	308	118	83	86	106	139	143	131	105	115	147	102	88	97	94	152	75	89	66	95	86
CL0162	Unspecified	162	86	91	98	76	104	108	73	162	114	123	165	394	89	83	114	111	55	39	141	114	112	77	94	84	92	92	141	108	113	148	93	96
CL0163	*	163	113	99	92	56	102	97	72	147	86	81	129	497	118	93	92	119	52	46	148	100	102	92	138	80	88	73	140	102	107	106	113	87
CL0164	LTR/Gypsy	164	98	100	115	111	106	107	82	152	120	153	144	308	88	120	118	123	116	88	123	128	130	113	139	123	124	112	121	41	44	41	34	35
CL0165	LTR/Gypsy	165	0	0	1	0	0	0	0	0	0	0	0	0	0	1	0	0	0	0	0	0	0	0	0	1	0	1	0	866	910	1031	817	30
CL0166	LTR/Gypsy	166	126	120	126	96	123	123	90	121	104	121	129	168	114	125	115	125	91	137	118	108	114	129	121	69	111	114	113	71	67	73	76	52
CL0167	LTR	167	25	162	124	164	172	91	160	99	149	162	67	31	50	132	127	85	111	44	142	143	101	42	119	148	152	155	104	85	101	99	111	105
CL0168	LTR	168	102	103	214	65	73	91	65	74	85	228	42	104	121	143	54	60	66	47	61	53	213	67	89	176	50	95	89	307	222	111	111	190
CL0169	LTR	169	56	117	165	84	61	78	84	51	88	244	53	80	88	166	63	63	52	29	63	64	180	48	72	203	69	92	69	328	282	139	141	194
CL0170	LTR/Gypsy	170	35	105	79	137	136	84	130	78	128	174	105	50	39	126	158	103	91	43	114	121	91	46	119	130	125	132	109	98	173	171	158	129
CL0171	LTR/Copia	171	62	78	82	92	98	95	88	106	105	116	101	100	73	102	103	87	114	103	98	90	79	88	109	82	95	89	102	186	186	220	184	165
CL0172	LTR/Copia	172	19	50	28	47	380	671	1038	48	65	80	33	82	34	83	100	55	55	18	56	56	115	24	51	55	46	72	46	18	30	27	25	32
CL0173	LTR/Gypsy	173	102	112	179	60	61	73	85	63	100	271	72	76	141	136	60	54	55	36	77	47	187	66	72	171	49	75	45	245	234	169	115	186
CL0174	LTR/Gypsy	174	197	147	131	92	113	185	104	96	72	72	84	279	126	62	69	105	184	232	98	76	98	252	88	93	104	111	82	0	2	0	4	1
CL0175	LTR/Gypsy	175	150	95	96	116	112	129	106	95	79	71	66	178	140	101	80	141	84	94	107	110	93	130	120	104	123	107	126	110	78	39	57	86
CL0176	LTR/Gypsy	176	36	85	153	66	46	66	112	43	78	293	73	94	63	145	58	46	54	36	52	53	163	48	60	176	54	81	62	282	261	190	155	191
CL0177	LTR/Gypsy	177	76	119	180	66	68	69	96	50	91	230	51	99	128	114	60	54	52	40	42	49	174	69	75	205	56	86	59	287	217	108	127	173
CL0178	LTR/Gypsy	178	55	103	156	98	56	60	85	46	75	285	50	80	65	140	48	48	57	31	63	51	204	53	55	206	51	86	57	279	286	133	142	149
CL0179	LTR/Gypsy	179	94	73	78	90	111	98	116	82	107	118	95	111	86	114	97	106	60	110	97	97	86	88	90	117	108	119	96	131	160	116	147	69
CL0180	LTR/Gypsy	180	119	85	108	101	93	100	83	95	87	88	77	213	107	73	86	117	117	126	98	109	100	100	121	86	88	91	118	83	64	75	88	92
CL0181	LTR/Gypsy	181	130	106	42	49	102	120	80	59	70	36	43	109	84	34	39	63	51	80	91	57	93	114	108	46	43	31	85	348	307	203	311	134
CL0182	LTR/Gypsy	182	118	109	105	83	113	122	111	107	96	98	124	128	92	90	109	112	116	108	97	112	102	124	116	100	92	116	99	58	55	57	58	47
CL0183	LTR/Gypsy	183	44	109	51	128	125	88	154	71	156	120	111	63	45	148	168	112	87	35	62	137	96	39	96	149	109	117	63	116	153	80	103	106
CL0184	LTR/Copia	184	142	80	92	83	80	118	75	143	101	71	58	294	132	73	59	79	109	141	109	96	113	153	113	69	89	74	130	51	47	46	35	50
CL0185	LTR/Gypsy	185	206	87	81	137	51	65	76	49	102	3	15	166	265	18	6	92	49	384	96	107	48	188	77	108	217	165	89	78	39	19	67	51
CL0186	LTR/Gypsy	186	66	75	187	125	113	133	93	108	74	68	73	172	67	63	54	102	249	221	117	67	109	150	124	166	162	170	87	0	0	0	0	1
CL0187	LTR/Gypsy	187	59	112	158	144	93	109	98	154	140	115	154	164	65	112	92	106	139	92	124	135	88	63	166	115	110	114	125	2	0	1	2	0
CL0188	LTR	188	30	84	151	81	54	56	95	57	72	280	55	58	44	160	66	38	33	10	35	64	171	25	44	215	52	103	36	290	301	144	132	198
CL0189	rRNA	189	126	98	206	55	47	93	81	71	74	102	34	100	207	93	37	65	63	81	77	65	144	88	74	160	66	82	98	253	135	82	118	129
CL0190	LTR/Gypsy	190	81	83	177	72	53	82	81	61	83	204	58	83	92	107	64	50	55	39	62	65	169	52	68	197	63	69	56	268	202	140	116	131
CL0191	LTR	191	47	107	143	85	47	81	89	59	71	254	53	77	69	147	61	53	44	25	54	38	165	42	53	201	59	87	76	254	232	124	156	142
CL0192	LTR/Copia	192	25	71	74	146	83	76	149	70	176	94	109	63	41	168	198	93	51	19	80	202	59	23	61	179	157	186	81	97	119	72	73	89
CL0193	LTR/Gypsy	193	128	113	192	117	65	84	58	91	83	23	38	175	209	22	13	87	60	219	154	94	104	141	90	77	129	106	141	79	42	34	55	50
CL0194	LTR/Copia	194	89	97	191	70	55	80	62	65	45	242	80	154	104	103	33	53	63	46	52	42	157	61	63	131	33	76	55	238	173	141	112	165
CL0195	LTR/Copia	195	117	88	86	73	106	114	71	109	54	54	52	245	103	53	42	73	99	100	79	65	111	96	85	66	85	66	84	132	110	132	161	156
CL0196	LTR/Gypsy	196	71	98	179	78	58	92	77	66	63	178	54	104	112	129	31	66	70	55	62	46	152	54	66	123	53	73	60	232	214	100	107	171
CL0197	LTR/Gypsy	197	140	101	195	60	50	72	64	80	67	97	32	87	227	78	25	66	62	90	84	54	166	84	59	155	55	105	75	231	140	63	96	130
CL0198	LTR	198	0	0	0	0	0	0	0	0	0	0	0	0	0	0	0	0	0	0	0	0	0	0	0	0	0	0	0	595	642	995	616	264
CL0199	LTR/Gypsy	199	127	97	106	96	68	108	88	115	88	87	95	140	102	72	81	92	86	146	125	87	99	135	103	70	89	85	144	47	38	47	48	59
CL0200	LTR/Gypsy	200	96	136	75	84	98	99	119	89	157	129	228	78	53	116	160	99	107	86	120	128	129	108	116	69	84	84	98	9	9	15	13	9
CL0201	LTR/Gypsy	201	0	0	0	0	0	0	0	0	0	0	0	0	0	0	0	0	0	0	0	0	0	0	0	0	0	0	0	772	709	993	598	17
CL0202	LTR/Copia	202	72	82	168	64	57	71	84	44	54	232	94	123	90	93	45	48	58	40	55	47	121	48	51	159	44	58	51	254	246	119	116	169
CL0203	LTR/Gypsy	203	66	97	72	143	68	70	105	73	147	98	80	182	62	134	150	101	81	59	79	143	94	70	65	150	138	140	112	31	47	32	36	16
CL0204	DNA/MULE-MuDR	204	184	78	92	64	68	82	53	125	89	52	133	173	89	71	53	92	90	112	109	92	96	138	115	74	76	81	105	78	55	70	58	51
CL0205	LTR/Copia	205	79	90	189	63	52	73	75	56	58	186	58	111	97	99	26	45	58	57	50	34	155	63	80	151	32	63	59	228	184	122	97	160
CL0206	LTR/Gypsy	206	65	42	43	40	39	45	54	45	30	37	34	36	46	51	37	52	50	58	55	38	63	75	48	45	53	51	51	385	378	347	368	157
CL0207	LTR/Copia	207	152	79	124	180	59	79	77	82	121	5	20	121	208	14	3	74	47	204	166	138	50	141	103	108	164	129	91	61	21	21	44	41
CL0208	LTR/Copia	208	89	117	137	94	94	100	60	90	78	99	105	206	60	77	91	100	80	53	105	112	86	82	86	90	97	102	89	50	51	40	56	66
CL0209	*	209	112	78	168	59	45	63	43	63	65	174	27	108	106	102	33	60	61	65	66	32	167	73	64	128	57	65	65	229	196	101	88	134
CL0210	LTR/Gypsy	210	43	113	149	72	43	62	80	49	79	187	38	59	67	106	43	34	56	39	55	50	156	32	57	194	45	89	47	256	225	106	108	144
CL0211	LTR/Gypsy	211	70	45	155	95	152	209	145	130	71	47	48	65	61	39	40	70	69	108	115	95	169	90	88	85	107	82	82	30	29	59	44	19
CL0212	LTR/Gypsy	212	56	90	84	104	99	94	92	84	82	102	78	41	74	104	97	84	102	93	91	79	102	86	101	81	96	75	88	69	64	75	58	82
CL0213	LTR/Gypsy	213	87	78	96	103	85	100	78	100	91	83	91	57	89	82	81	91	101	113	87	77	82	105	99	69	87	81	100	32	62	54	69	54
CL0214	LTR/Gypsy	214	0	0	0	0	0	0	0	0	0	0	0	0	0	0	0	0	0	0	0	0	0	0	0	0	0	0	0	513	512	677	524	551
CL0215	LTR/Gypsy	215	35	16	19	4	13	21	6	17	10	9	3	32	38	2	8	24	13	23	18	8	11	24	12	16	18	16	14	447	433	454	665	300
CL0216	LTR	216	32	82	142	83	48	55	71	38	68	225	30	65	40	115	51	32	40	33	37	46	143	34	42	170	37	76	45	236	213	125	91	156
CL0217	LTR/Gypsy	217	192	62	49	22	66	98	30	104	37	85	88	511	197	71	61	150	66	65	90	25	127	119	78	41	56	60	111	0	0	0	0	1
CL0218	LTR/Gypsy	218	62	116	74	89	99	71	84	73	88	101	66	58	59	101	83	77	80	67	83	100	94	56	91	95	72	85	95	59	71	67	65	79
CL0219	LTR/Copia	219	45	95	138	59	40	65	70	46	66	183	50	87	82	99	40	37	42	29	51	48	122	32	59	147	37	60	48	206	132	123	93	154
CL0220	LTR/Gypsy	220	104	65	96	65	66	79	64	104	67	79	102	82	94	70	54	99	91	112	82	71	93	113	89	66	77	70	82	45	36	49	59	53
CL0221	LTR/Gypsy	221	86	63	81	74	75	77	79	96	67	70	117	67	75	73	69	77	112	96	79	75	94	102	85	60	68	92	86	55	54	76	58	33
CL0222	*	222	43	82	113	70	47	60	61	42	63	185	20	55	56	102	39	34	46	34	45	50	120	35	43	164	44	74	41	225	218	94	106	154
CL0223	LTR/Gypsy	223	1	2	2	1	1	0	1	0	1	2	1	0	0	1	2	1	0	0	0	1	0	3	2	0	0	3	0	538	550	791	598	74
CL0224	LTR	224	52	111	65	56	47	44	50	103	81	92	84	228	51	66	76	105	86	37	96	92	132	62	95	60	69	65	96	44	42	63	46	44
CL0225	LTR/Gypsy	225	120	71	82	72	81	59	50	96	61	60	180	61	51	75	57	52	70	118	74	58	72	101	76	65	74	77	104	54	47	72	44	54
CL0226	LTR/Gypsy	226	123	62	79	70	68	92	75	94	52	32	49	127	132	46	38	107	57	102	86	45	75	83	73	64	74	78	109	92	54	27	50	63
CL0227	LTR/Copia	227	34	50	56	75	80	51	58	72	71	93	105	56	44	74	79	54	58	40	77	86	61	46	60	63	61	72	70	115	128	148	130	131
CL0228	*	228	36	82	121	60	39	57	74	37	55	201	38	55	43	91	43	44	33	28	40	27	132	49	50	123	39	56	52	219	182	82	90	118
CL0229	LTR	229	32	60	55	126	55	48	141	44	124	52	31	45	34	101	122	54	44	33	58	133	64	42	62	120	137	139	37	90	106	38	62	65
CL0230	LTR	230	18	25	46	104	52	43	93	32	120	61	49	29	25	69	88	55	36	29	39	82	43	23	53	103	103	103	51	176	217	124	184	102
CL0231	LTR/Gypsy	231	111	60	67	54	63	68	46	83	53	37	69	186	83	46	44	95	94	106	77	51	70	99	70	56	54	50	85	67	60	76	71	54
CL0232	LTR/Gypsy	232	54	85	143	45	34	48	46	34	44	174	36	65	63	87	38	41	36	30	46	22	132	45	44	130	32	50	50	223	178	95	95	136
CL0233	LTR/Gypsy	233	38	84	109	64	43	43	42	36	70	211	26	51	37	119	34	24	42	28	39	31	120	26	60	146	43	66	46	188	190	94	95	116
CL0234	LTR/Gypsy	234	46	57	35	23	74	76	33	31	26	19	30	60	32	25	21	42	40	28	45	32	69	39	63	24	33	33	43	347	283	223	303	63
CL0235	LTR/Gypsy	235	45	83	61	109	100	61	84	59	64	62	43	43	48	90	98	64	56	40	65	102	51	38	67	100	100	104	59	78	88	58	59	70
CL0236	LTR	236	50	62	117	50	44	60	70	37	38	196	39	73	60	70	31	37	36	25	56	27	108	43	50	106	32	69	38	186	156	94	82	121
CL0237	LTR/Gypsy	237	130	73	158	52	39	84	36	58	61	57	22	61	177	58	15	49	43	60	55	34	88	38	42	120	49	75	57	157	79	40	68	87
CL0238	LTR/Gypsy	238	75	62	121	31	50	64	51	54	45	159	37	71	73	78	25	36	42	36	53	25	121	53	46	105	26	53	36	180	121	103	71	112
CL0239	LTR/Gypsy	239	34	57	86	89	62	66	50	49	93	70	113	30	32	64	61	46	72	79	57	58	84	36	118	76	91	75	49	75	67	95	55	69
CL0240	LTR/Gypsy	240	43	69	111	54	40	35	43	31	53	156	33	66	67	105	36	42	38	22	43	27	121	34	46	113	53	46	38	195	150	79	88	119
CL0241	LTR/Gypsy	241	31	62	126	55	54	47	56	47	42	141	35	65	58	82	40	35	44	26	37	39	125	33	45	107	33	58	33	196	153	73	97	114
CL0242	LTR/Gypsy	242	64	62	81	62	60	77	53	68	60	42	44	113	48	53	43	56	63	86	67	59	65	60	77	67	72	71	64	82	58	60	80	77
CL0243	LTR/Gypsy	243	20	70	83	66	36	34	72	29	57	156	24	47	56	103	45	29	45	14	30	24	99	25	27	128	41	63	38	223	204	83	90	94
CL0244	LTR/Gypsy	244	109	74	50	56	100	83	73	72	58	38	38	174	134	53	40	102	42	51	71	70	70	65	66	58	54	69	80	36	25	7	33	32
CL0245	LTR/Gypsy	245	68	55	55	56	51	55	47	57	59	51	40	49	70	47	57	59	55	74	62	59	53	58	69	49	59	53	77	118	130	68	106	111
CL0246	LTR/Gypsy	246	97	50	97	67	54	55	33	45	58	34	44	104	118	27	21	66	39	139	126	49	67	86	54	51	82	63	80	42	33	38	68	44
CL0247	LTR/Gypsy	247	14	70	37	121	92	39	117	33	115	66	13	13	13	96	100	27	47	5	42	134	28	7	52	98	106	125	47	109	113	40	64	76
CL0248	LTR/Gypsy	248	87	50	25	13	76	89	50	19	20	18	21	38	38	18	10	31	41	37	38	15	69	57	53	19	21	17	37	256	214	167	258	143
CL0249	LTR/Gypsy	249	36	86	80	48	37	60	51	25	50	158	40	45	52	69	30	17	44	26	48	34	107	23	49	117	28	60	37	148	157	98	63	110
CL0250	LTR/Copia	250	61	71	59	61	52	66	56	61	75	54	47	61	58	66	60	65	66	76	65	61	83	89	69	47	61	66	88	49	45	43	52	52
CL0251	LTR/Gypsy	251	0	0	0	0	0	0	0	0	0	0	0	0	0	0	0	0	0	0	0	0	0	0	0	0	0	0	0	481	485	506	525	53
CL0252	LTR/Gypsy	252	46	43	55	58	63	64	57	64	64	59	57	39	50	61	56	45	51	61	64	49	71	57	105	45	47	45	49	66	79	98	81	89
CL0253	LTR/Copia	253	42	46	24	22	108	112	98	44	130	29	44	70	38	31	28	31	70	58	90	71	119	42	117	23	24	31	66	68	79	65	104	15
CL0254	LTR/Gypsy	254	39	48	62	78	65	56	65	59	71	55	44	47	38	50	62	55	76	55	81	69	59	53	68	75	90	77	58	57	47	46	69	36
CL0255	LTR/Gypsy	255	73	62	120	91	42	49	31	63	79	6	21	45	122	10	1	47	47	150	141	81	37	66	63	59	89	87	96	45	13	21	40	31
CL0256	LTR/Gypsy	256	28	52	106	65	23	31	63	33	46	142	39	53	47	70	26	28	33	22	33	25	95	30	45	108	24	41	42	178	154	60	72	128
CL0257	LTR/Copia	257	60	61	108	25	22	52	43	38	44	129	25	63	69	73	21	27	31	25	37	28	82	54	44	102	37	37	31	176	135	97	76	90
CL0258	LTR/Gypsy	258	37	55	114	51	44	59	51	47	52	97	14	61	66	69	23	36	39	19	35	32	97	27	53	101	28	65	25	164	112	68	58	136
CL0259	LTR/Gypsy	259	83	64	94	42	47	52	51	50	39	84	28	75	124	58	18	43	34	47	52	19	105	53	44	89	34	40	43	144	112	40	66	68
CL0260	LTR/Gypsy	260	21	62	43	97	75	41	110	35	101	61	41	9	16	79	90	35	47	13	44	92	32	12	41	89	88	82	46	121	119	61	63	63
CL0261	LTR/Gypsy	261	60	58	61	48	64	63	57	53	48	83	92	44	29	69	77	68	79	76	57	53	61	67	69	54	74	55	60	33	39	57	45	47
CL0262	LTR/Gypsy	262	1	2	0	1	1	1	0	2	2	0	0	3	1	1	0	2	1	1	1	3	0	1	0	2	0	1	0	436	418	393	652	19
CL0263	LTR/Gypsy	263	31	54	82	37	31	38	51	25	32	169	30	44	43	67	27	18	38	21	29	36	118	29	30	114	29	45	21	177	150	83	79	113
CL0264	LTR/Gypsy	264	11	45	30	98	57	19	89	39	134	66	35	35	10	95	139	57	36	7	51	157	44	10	53	117	134	142	56	29	32	15	13	17
CL0265	LTR	265	31	56	115	40	30	37	49	33	56	106	29	43	56	61	27	38	44	26	23	31	92	33	31	96	33	50	35	157	138	67	77	115
CL0266	LTR	266	41	62	102	44	38	50	47	51	45	121	20	37	44	52	26	26	39	23	48	28	86	25	29	113	25	49	31	158	129	84	73	106
CL0267	LTR/Gypsy	267	0	0	0	0	0	0	0	0	0	0	0	0	0	0	0	0	0	0	0	0	0	0	0	0	0	0	0	528	454	548	327	3
CL0268	LTR	268	15	29	39	103	56	22	102	34	128	48	39	16	16	91	110	47	26	12	27	99	50	15	25	121	95	129	30	84	95	30	46	32
CL0269	LTR/Gypsy	269	44	50	49	68	56	64	52	68	55	64	84	51	50	57	67	65	41	77	62	50	61	66	69	66	57	55	55	29	36	32	36	30
CL0270	LTR	270	61	42	34	23	43	48	37	130	59	37	150	159	39	48	53	54	50	33	93	49	40	64	80	29	23	32	128	21	20	24	18	36
CL0271	LTR/Copia	271	51	66	101	43	32	59	40	41	28	98	31	64	80	62	12	35	31	25	34	20	93	27	45	81	22	45	34	145	132	74	66	93
CL0272	LTR/Gypsy	272	8	48	44	99	61	45	53	66	110	84	45	25	13	71	81	39	79	27	53	99	48	19	70	80	83	68	49	24	31	29	36	39
CL0273	LTR/Gypsy	273	35	56	65	40	32	43	35	37	45	138	20	39	47	58	26	24	41	23	26	24	102	24	23	109	20	56	27	156	122	67	70	116
CL0274	*	274	54	34	63	35	47	59	61	47	26	52	53	74	228	57	116	21	28	48	48	37	63	40	57	38	30	17	75	58	43	27	47	25
CL0275	LTR/Gypsy	275	24	50	63	52	57	45	58	51	57	46	53	79	25	51	45	48	61	33	51	50	56	21	54	57	56	51	57	64	68	59	77	62
CL0276	LTR/Gypsy	276	20	49	55	81	69	38	67	55	88	44	34	40	15	62	61	47	29	22	44	109	41	18	46	98	103	90	47	36	62	27	27	37
CL0277	LTR/Gypsy	277	84	54	51	37	48	60	46	48	46	23	36	84	48	36	44	54	61	61	57	42	46	64	71	51	49	48	76	49	32	26	29	23
CL0278	LTR/Gypsy	278	78	55	69	54	37	41	34	65	38	43	33	134	70	49	36	64	66	81	58	45	75	76	55	44	48	40	80	0	0	0	0	0
CL0279	LTR/Gypsy	279	0	0	0	0	0	0	1	0	0	0	0	0	0	0	0	0	0	0	0	0	0	0	0	0	0	0	0	260	220	196	269	703
CL0280	LTR/Gypsy	280	38	51	52	45	42	56	45	76	47	65	125	42	36	51	42	57	56	76	42	41	47	44	51	51	44	48	50	37	30	39	32	31
CL0281	LTR/Gypsy	281	6	50	45	87	83	48	50	65	90	50	39	58	14	56	75	44	54	24	58	77	43	8	53	64	81	73	41	27	29	22	22	31
CL0282	LTR/Gypsy	282	50	73	38	67	67	51	87	39	74	27	27	71	55	67	55	66	13	23	47	87	27	50	48	59	69	85	37	21	29	13	14	16
CL0283	LTR/Copia	283	48	47	37	53	50	47	47	59	48	54	56	49	40	44	56	45	50	60	44	52	35	70	54	35	42	42	55	45	43	37	53	45
CL0284	LTR/Gypsy	284	80	59	57	44	61	59	40	59	32	30	26	99	61	40	38	59	59	60	64	47	48	73	54	36	48	43	55	22	26	8	20	26
CL0285	LTR/Gypsy	285	36	19	78	51	24	32	23	50	34	50	79	123	70	46	48	70	51	98	71	44	52	47	55	43	47	44	111	0	0	0	0	0
CL0286	LTR/Gypsy	286	65	46	43	46	58	54	42	56	44	50	38	50	65	36	36	41	53	73	42	62	48	72	42	46	46	41	56	28	27	22	17	32
CL0287	LTR/Gypsy	287	17	63	47	48	44	38	47	41	45	51	29	26	22	59	51	48	38	27	45	46	39	25	44	53	53	48	35	67	74	78	70	70
CL0288	Unspecified	288	28	81	48	61	76	47	63	38	51	36	18	53	31	57	56	44	46	38	41	54	61	41	57	74	62	67	46	14	21	22	25	19
CL0289	LTR/Gypsy	289	6	28	26	70	46	23	62	26	61	65	57	5	6	86	88	44	37	7	32	71	28	6	25	58	70	70	28	79	70	60	75	41
CL0290	LTR/Gypsy	290	44	42	41	44	46	43	48	36	47	36	80	59	33	38	38	47	40	57	51	46	45	53	60	36	38	35	60	42	27	44	37	33
CL0291	LTR	291	24	34	66	36	18	32	39	22	38	94	32	26	27	64	29	30	27	13	20	16	65	10	26	88	31	38	15	139	133	67	61	101
CL0292	LTR/Gypsy	292	20	46	36	36	69	54	40	40	43	30	33	31	23	39	35	47	46	16	60	50	51	21	54	30	30	44	50	92	88	44	88	59
CL0293	LTR/Gypsy	293	0	0	0	0	0	0	0	0	0	0	0	0	0	0	0	0	0	0	0	0	0	0	0	0	0	0	0	303	286	326	426	118
CL0294	LTR/Copia	294	25	48	35	59	61	43	51	32	62	56	43	10	21	62	72	46	53	15	47	52	42	24	49	60	52	58	36	43	50	28	43	44
CL0295	LTR/Copia	295	2	13	8	9	17	8	10	12	13	156	131	349	62	172	190	150	15	4	6	11	11	3	6	10	8	8	7	8	11	8	6	13
CL0296	DNA	296	30	42	52	37	33	31	36	20	37	98	38	36	31	57	26	23	14	19	21	19	81	25	18	78	26	33	32	110	114	70	53	76
CL0297	LTR	297	48	47	33	27	43	57	42	60	55	68	161	38	34	41	58	41	44	43	51	48	43	40	65	47	32	40	52	2	1	1	1	3
CL0298	LTR/Copia	298	18	36	29	67	51	30	59	46	53	27	38	57	40	49	56	65	31	16	40	88	38	11	35	59	74	73	42	30	32	22	25	32
CL0299	LTR/Gypsy	299	38	46	64	31	26	34	46	21	38	80	22	32	30	61	18	23	16	27	38	16	70	24	18	77	21	28	32	135	88	43	57	86
CL0300	LTR/Gypsy	300	44	43	51	36	42	58	51	48	52	50	38	32	38	36	50	35	56	40	42	45	39	36	46	40	42	40	59	25	27	45	40	27
CL0301	LTR/Gypsy	301	67	49	71	49	64	84	66	30	35	19	20	37	58	31	29	67	31	41	44	55	76	54	37	48	51	43	40	2	3	3	4	6
CL0302	LTR/Gypsy	302	70	48	68	39	34	49	26	42	32	49	47	50	45	40	49	58	47	47	32	42	109	64	49	48	30	28	38	5	5	4	7	6
CL0303	LTR/Gypsy	303	39	33	25	49	34	26	48	48	61	44	84	28	37	59	62	45	33	34	48	70	27	32	47	54	53	68	39	24	24	12	20	15
CL0304	LTR	304	14	47	49	30	28	17	53	13	42	92	21	18	22	54	23	13	16	9	17	18	49	9	23	93	25	18	18	121	154	69	53	67
CL0305	LTR/Copia	305	88	26	26	22	36	33	21	69	28	31	39	77	77	32	29	45	59	68	53	33	42	50	57	26	30	26	61	9	13	12	11	10
CL0306	LTR/Gypsy	306	45	42	39	35	58	56	37	66	48	24	42	75	51	47	25	57	34	25	40	46	54	41	54	29	45	52	52	2	2	2	5	7
CL0307	LTR/Gypsy	307	33	49	39	44	39	50	27	31	47	38	25	50	38	31	32	51	39	29	39	41	40	32	42	50	42	37	29	35	41	25	20	36
CL0308	LTR/Gypsy	308	29	47	29	46	53	43	75	32	46	40	35	60	56	48	61	52	40	21	25	82	50	20	34	49	61	61	30	0	0	0	0	0
CL0309	LTR/Gypsy	309	35	34	33	28	44	37	37	30	47	24	38	31	29	32	26	45	33	34	50	36	24	34	32	50	44	36	39	52	40	46	55	39
CL0310	LTR/Gypsy	310	30	40	34	49	34	37	32	45	40	46	32	34	29	34	43	34	44	30	42	30	27	32	55	40	40	45	43	23	33	32	33	33
CL0311	LTR/Gypsy	311	22	25	17	58	20	18	61	19	66	47	133	23	26	63	81	36	16	24	20	56	15	13	22	60	45	51	20	25	27	21	21	9
CL0312	*	312	87	17	38	45	22	33	19	35	21	5	2	68	82	5	2	34	22	93	51	34	16	53	37	29	63	46	44	37	12	6	39	24
CL0313	LTR/Gypsy	313	8	9	14	10	7	12	8	14	6	11	38	11	5	10	6	13	9	4	8	4	10	9	9	8	10	5	6	163	155	263	149	149
CL0314	LTR/Copia	314	47	45	31	25	26	23	23	68	39	27	35	65	63	40	19	46	42	45	55	34	44	46	40	31	37	23	48	6	5	6	7	6
CL0315	*	315	31	23	38	13	25	38	42	37	27	44	34	57	137	32	91	9	17	31	41	26	44	25	44	26	12	21	34	22	21	18	33	24
CL0316	LTR/Gypsy	316	12	31	31	52	37	27	49	24	45	54	28	20	7	39	56	39	27	10	36	47	26	9	45	41	54	51	32	25	52	36	42	27
CL0317	LTR/Gypsy	317	22	30	36	47	46	31	41	36	47	33	14	21	19	35	33	38	39	26	44	57	35	33	45	36	30	35	44	27	39	23	28	19
CL0318	*	318	4	24	36	56	55	34	45	46	66	37	18	25	6	38	57	33	49	14	36	68	29	15	37	31	51	53	24	12	15	10	26	10
CL0319	LTR/Copia	319	23	34	20	81	36	20	66	20	82	4	5	35	26	30	10	26	31	25	19	61	17	29	33	83	88	100	14	17	13	10	12	9
CL0320	LTR/Gypsy	320	28	11	7	3	3	0	0	0	0	51	56	326	102	51	82	13	3	36	1	200	42	22	3	2	1	0	1	0	1	0	0	0
CL0321	*	321	8	43	58	23	14	24	27	12	26	61	11	20	13	49	22	15	8	11	21	10	55	7	18	71	18	24	21	109	89	39	47	77
CL0322	LTR/Copia	322	9	36	59	40	20	27	40	15	22	58	19	33	43	46	20	16	14	22	12	27	47	14	21	57	14	25	17	70	72	35	38	64
CL0323	*	323	43	16	35	15	28	31	17	20	21	39	29	60	126	50	73	17	23	39	23	29	30	33	25	25	13	17	39	18	27	22	21	21
CL0324	LTR/Gypsy	324	23	28	25	35	29	31	35	33	35	32	64	9	31	39	32	35	36	27	33	35	35	21	34	37	31	34	40	23	37	26	25	27
CL0325	LTR/Gypsy	325	21	27	29	32	41	28	46	35	47	28	24	16	21	36	37	32	40	31	41	38	19	21	42	33	32	38	29	29	30	22	32	27
CL0326	LTR/Gypsy	326	0	0	0	0	0	0	0	0	0	0	0	0	0	0	0	0	0	0	0	0	0	0	0	0	0	0	0	141	169	371	282	67
CL0327	Unspecified	327	23	41	45	42	49	40	37	30	28	34	31	40	17	35	30	18	36	21	30	21	44	34	33	44	37	47	27	11	24	16	18	17
CL0328	LTR/Gypsy	328	24	24	23	45	33	27	24	37	49	34	27	47	26	33	33	34	29	35	40	26	26	19	37	33	29	38	56	21	18	18	27	14
CL0329	LTR/Gypsy	329	19	61	35	31	52	37	24	42	40	52	27	36	24	38	38	36	36	22	40	42	40	20	40	37	32	42	42	0	0	0	0	0
CL0330	LTR/Gypsy	330	0	0	0	0	0	0	0	0	0	0	0	0	0	0	0	0	0	0	0	0	0	0	0	0	0	0	0	181	212	226	251	132
CL0331	LTR	331	28	37	24	30	34	25	27	19	31	42	32	12	37	31	31	34	35	27	38	43	21	44	31	27	29	37	41	16	28	25	30	15
CL0332	*	332	22	36	27	31	33	31	37	33	23	42	47	49	16	42	33	29	31	18	45	21	40	18	35	27	23	21	31	21	30	19	23	23
CL0333	LTR/Gypsy	333	0	0	0	0	0	0	0	0	0	0	0	0	0	0	0	0	0	0	0	0	0	0	0	0	0	0	0	153	185	208	199	206
CL0334	LTR	334	17	39	31	27	23	33	25	38	37	34	28	59	18	26	25	25	26	11	36	31	23	16	28	29	22	22	27	27	22	39	38	25
CL0335	LTR/Copia	335	8	32	29	33	34	28	36	23	37	21	19	14	19	37	38	28	30	20	31	41	22	16	38	41	42	29	17	35	35	20	26	24
CL0336	LTR/Gypsy	336	0	0	0	0	0	0	0	0	0	0	0	0	0	0	0	0	0	0	0	0	0	0	0	0	0	0	0	149	182	317	235	1
CL0337	LTR/Gypsy	337	25	23	30	34	23	28	21	22	29	22	25	24	31	10	20	15	32	26	20	16	17	22	52	26	21	22	22	41	47	32	36	31
CL0338	LTR/Gypsy	338	47	19	34	26	21	32	23	42	22	17	28	41	34	16	22	37	32	39	31	18	30	40	25	23	23	23	32	16	9	14	12	9
CL0339	LTR	339	52	31	25	23	15	20	13	28	15	15	45	31	35	24	9	33	26	38	15	11	13	41	21	14	11	10	30	33	31	36	32	35
CL0340	LTR	340	4	31	16	34	25	29	30	17	38	30	26	11	11	27	30	19	17	7	18	30	29	10	19	38	23	31	24	45	43	45	32	36
CL0341	LTR/Gypsy	341	0	0	0	0	0	0	0	0	0	0	0	0	0	0	0	0	0	0	0	0	0	0	0	0	0	0	0	157	132	214	159	160
CL0342	LTR/Copia	342	35	26	27	16	20	12	9	45	22	23	41	25	33	29	28	29	29	31	33	26	20	25	32	14	32	22	35	11	7	21	13	8
CL0343	*	343	25	29	23	32	30	30	31	14	21	11	26	23	19	25	27	21	39	21	23	26	32	18	18	40	32	28	18	25	20	11	20	19
CL0344	LTR	344	6	28	9	21	30	13	29	7	21	8	4	2	5	6	16	11	9	2	14	23	16	5	19	15	24	19	10	121	125	63	70	29
CL0345	LTR/Gypsy	345	0	1	0	0	65	86	87	0	0	37	32	283	67	33	39	53	0	0	2	0	0	0	0	0	0	0	0	1	0	0	0	0
CL0346	LTR/Gypsy	346	0	0	0	0	0	0	0	0	0	0	0	0	0	0	0	0	0	0	0	0	0	0	0	0	0	0	0	189	164	166	182	43
CL0347	LTR/Gypsy	347	5	20	18	30	32	16	35	21	29	26	22	9	5	45	29	23	14	4	14	32	18	10	19	36	36	36	18	30	32	12	28	28
CL0348	LTR/Copia	348	41	27	14	15	14	21	16	26	18	19	34	57	49	24	27	35	16	17	30	14	35	27	18	19	11	24	16	9	3	4	9	15
CL0349	DNA/hAT	349	18	23	19	19	24	20	17	24	21	14	24	39	13	30	19	38	16	21	22	23	30	29	21	27	24	28	19	14	16	9	12	16
CL0350	LTR/Gypsy	350	0	0	0	0	0	0	0	0	0	0	0	0	0	0	0	0	0	0	0	0	0	0	0	0	0	0	0	181	154	228	143	4
CL0351	LTR/Gypsy	351	0	1	0	2	67	47	18	1	1	63	83	133	44	88	81	61	0	0	0	0	5	0	2	0	2	1	1	0	1	0	0	1
CL0352	LTR/Gypsy	352	5	13	16	21	10	10	29	6	28	50	5	5	2	34	28	2	3	7	7	17	27	3	6	62	14	28	5	92	85	25	23	33
CL0353	LTR/Gypsy	353	13	16	57	42	23	30	18	44	20	19	20	22	24	12	16	17	19	33	16	18	20	14	23	27	25	20	28	4	1	1	2	7
CL0354	LTR/Gypsy	354	15	20	15	50	17	9	46	9	34	11	16	25	18	39	29	36	9	5	17	39	11	10	15	47	46	49	14	5	4	4	2	5
CL0355	LTR	355	21	10	16	22	12	22	12	19	18	12	13	21	19	21	8	14	11	25	13	12	14	27	29	16	16	20	17	55	47	43	34	25
CL0356	LTR/Copia	356	20	21	12	21	26	27	13	18	17	24	27	27	16	16	19	22	23	28	22	25	22	26	20	16	20	8	28	14	17	13	13	18
CL0357	LTR/Gypsy	357	0	0	0	0	0	0	0	0	0	0	0	0	0	0	0	0	0	0	0	0	0	0	0	0	0	0	0	115	118	175	128	112
CL0358	LTR/Copia	358	8	24	21	24	18	14	19	26	22	23	25	11	14	21	28	21	26	10	25	20	21	17	22	20	18	25	23	17	18	20	15	13
CL0359	LTR	359	8	18	18	25	26	22	22	21	22	38	21	7	7	19	26	20	20	16	20	26	16	5	17	27	20	27	20	16	20	13	20	10
CL0360	LTR/Gypsy	360	5	6	0	0	210	185	158	1	0	11	6	8	4	6	12	3	1	0	1	3	14	1	0	0	0	0	1	2	0	0	0	0
CL0361	LTR	361	21	11	26	16	19	22	13	20	8	20	45	18	9	20	18	16	19	38	9	12	24	21	10	13	22	17	28	22	14	21	10	10
CL0362	LTR/Gypsy	362	4	15	6	18	28	10	21	14	29	28	33	6	3	34	38	21	14	14	16	24	16	5	18	31	21	32	8	15	14	32	21	23
CL0363	LTR	363	16	13	10	17	21	22	19	25	19	16	25	14	15	18	22	12	19	34	24	22	20	29	17	17	16	12	14	17	12	23	21	15
CL0364	LTR/Copia	364	8	17	11	23	18	21	22	21	28	14	39	8	7	22	21	30	11	15	24	25	8	10	21	27	28	24	17	19	13	8	12	15
CL0365	LTR/Gypsy	365	36	22	17	16	15	23	15	27	11	16	9	27	28	13	15	12	25	28	22	12	20	38	18	17	14	15	25	6	7	6	6	11
CL0366	LTR	366	21	14	20	14	17	16	16	14	20	9	7	28	62	27	43	7	5	22	9	17	14	12	19	15	12	17	26	22	12	12	17	7
CL0367	LTR/Gypsy	367	14	19	21	18	15	19	8	22	19	15	53	17	12	11	23	18	17	19	22	11	26	21	20	15	14	16	15	12	15	16	12	16
CL0368	LTR/Gypsy	368	20	13	12	14	22	17	14	26	21	16	38	16	20	14	15	20	26	53	20	26	15	15	14	16	18	10	28	0	0	0	0	0
CL0369	*	369	17	6	13	17	13	9	15	16	11	17	24	22	87	28	32	9	3	14	13	9	23	9	9	13	9	12	24	16	17	13	19	12
CL0370	*	370	12	5	18	9	15	15	15	20	13	10	14	30	66	19	28	4	11	16	20	5	21	13	27	16	13	8	25	22	16	9	17	16
CL0371	LTR/Gypsy	371	23	16	22	11	19	23	13	18	6	12	28	10	23	10	18	21	24	28	16	11	12	33	13	16	19	8	11	10	13	11	10	10
CL0372	LTR/Gypsy	372	15	18	13	13	14	14	11	11	16	1	2	20	13	8	7	19	11	17	18	9	15	23	17	13	15	6	20	39	29	30	33	29
CL0373	LTR/Gypsy	373	0	0	0	0	0	0	0	0	0	0	0	0	0	0	0	0	0	1	0	1	0	0	0	0	0	0	0	119	100	95	102	119
CL0374	LTR/Gypsy	374	6	7	18	12	3	8	14	5	9	40	10	3	6	26	12	11	2	6	9	6	20	2	6	41	10	23	8	55	41	23	21	22
CL0375	LTR/Gypsy	375	20	13	11	23	11	14	13	17	21	18	10	10	14	16	14	19	25	13	25	21	22	15	23	19	17	19	21	0	0	0	0	0
CL0376	LTR/Gypsy	376	14	12	12	16	14	15	14	16	17	22	15	3	9	12	17	13	17	18	16	13	18	19	16	16	16	20	13	10	15	11	18	12
CL0377	*	377	14	14	11	14	12	16	14	12	12	16	29	12	40	20	37	3	6	14	8	15	14	10	14	10	10	4	17	11	12	11	10	16
CL0378	DNA/MULE-MuDR	378	9	6	11	12	5	20	11	14	16	16	11	12	12	17	10	11	10	14	15	12	13	20	12	9	7	16	20	21	22	17	18	26
CL0379	LTR/Gypsy	379	13	9	13	13	20	10	15	12	13	18	8	10	11	15	16	15	21	9	15	9	7	22	25	17	14	12	14	16	14	19	8	12
CL0380	LTR	380	13	18	11	15	11	20	10	15	11	17	8	19	21	19	12	10	12	11	17	14	19	15	15	19	5	13	17	13	9	4	7	20
CL0381	LTR/Gypsy	381	2	21	7	18	22	10	16	18	14	25	5	5	3	16	20	14	18	3	13	20	19	4	16	18	22	13	8	14	16	17	16	17
CL0382	LTR/Copia	382	20	12	10	11	7	16	10	16	17	10	17	4	13	15	11	12	12	12	13	12	17	13	26	17	10	7	18	9	21	13	9	16
CL0383	LTR/Gypsy	383	17	13	11	16	22	20	8	18	10	7	18	11	15	12	12	19	17	18	16	12	16	18	10	13	6	16	16	7	8	11	3	17
CL0384	LTR/Gypsy	384	9	12	24	11	24	20	15	15	14	19	5	19	22	14	11	15	11	16	10	14	9	21	15	19	18	18	14	4	2	2	6	1
CL0385	LTR/Gypsy	385	0	0	0	0	0	0	0	0	0	0	0	0	0	0	0	0	0	0	0	0	0	0	0	0	0	0	0	89	117	74	90	57
CL0386	LTR/Gypsy	386	21	14	10	12	9	10	14	7	10	20	17	23	10	10	16	16	8	11	8	14	7	12	12	12	16	10	12	16	15	11	8	8
CL0387	LTR/Gypsy	387	9	16	15	10	10	14	16	7	10	17	8	9	19	9	11	13	15	19	13	14	21	23	13	13	14	11	10	6	13	7	5	8
CL0388	LTR/Copia	388	23	17	11	7	6	13	5	8	8	20	16	29	35	13	11	14	8	18	9	4	17	23	12	2	8	12	8	11	4	9	9	8
CL0389	LTR/Gypsy	389	8	13	16	25	18	12	13	28	16	7	5	28	9	11	7	15	14	7	19	18	4	8	19	10	11	13	17	3	2	1	3	4
CL0390	LTR/Gypsy	390	21	15	20	5	7	11	11	13	5	14	14	36	19	10	8	17	11	30	19	8	11	24	15	8	14	8	13	0	0	0	0	0
CL0391	LTR/Gypsy	391	14	14	13	14	11	14	18	11	8	8	10	11	15	15	10	5	21	17	15	15	17	11	11	8	9	13	12	9	11	12	7	8
CL0392	*	392	10	6	16	6	10	11	10	10	11	14	16	14	43	13	28	3	3	11	9	17	9	12	8	19	11	7	19	5	7	15	17	5
CL0393	*	393	0	0	0	0	0	0	0	0	0	0	0	0	0	0	0	0	0	0	0	0	0	0	0	0	0	0	0	56	61	170	104	7
CL0394	*	394	18	7	16	18	9	18	14	9	6	10	8	15	52	9	33	6	7	16	5	10	5	6	14	9	9	3	15	7	6	3	13	6
CL0395	LTR	395	1	4	2	21	17	3	14	4	23	22	5	1	2	26	29	5	5	1	4	17	4	2	10	32	28	41	4	13	13	6	10	10
