CL16Contig95	AF060640.1	83.54	164	19	7	1	157	309	471	7e-40	  147	100
CL16Contig243	AF060607.1	97.73	44	1	0	1	44	44	1	2e-18	76.8	11
CL10Contig83	AF060640.1	88.33	60	6	1	125	183	320	261	1e-16	71.3	16
CL10Contig85	AF060640.1	83.53	85	6	5	42	122	301	221	1e-17	73.1	58
CL10Contig90	AF060607.1	84.26	108	9	5	44	147	58	161	2e-25	99.0	61
CL10Contig103	AF060607.1	87.50	80	8	2	8	86	167	89	2e-23	91.6	92
CL10Contig514	AF060607.1	79.72	143	18	8	1	137	62	199	2e-23	93.5	45
CL10Contig596	AF060607.1	83.65	104	7	6	56	154	168	70	1e-22	89.8	58
CL10Contig611	AF060607.1	82.44	131	15	5	46	172	35	161	5e-28	  108	60
CL10Contig680	AF060607.1	100.00	37	0	0	27	63	169	133	9e-17	69.4	39
CL10Contig708	AF060640.1	82.50	80	6	5	150	225	221	296	1e-14	63.9	34
CL10Contig739	AF060607.1	89.57	115	8	3	12	124	57	169	9e-39	  143	74
CL10Contig753	AF060607.1	80.70	114	14	6	4	113	166	57	2e-20	82.4	89
CL10Contig778	AF060607.1	85.11	94	8	5	22	112	161	71	2e-23	91.6	81
CL10Contig788	AF060607.1	100.00	30	0	0	1	30	138	167	7e-13	56.5	34
CL10Contig848	AF060607.1	88.79	116	7	5	205	317	169	57	1e-36	  137	27
CL63Contig8	AF060640.1	87.50	216	25	2	7	220	378	163	4e-70	  248	69
CL63Contig8	AF060607.1	85.53	235	30	4	7	238	3	236	5e-69	  244	75
CL63Contig17	AF060607.1	96.39	83	3	0	34	116	1	83	3e-37	  137	72
CL63Contig18	AF060607.1	85.37	205	25	5	3	204	22	224	1e-58	  209	92
CL63Contig20	AF060607.1	84.62	104	16	0	9	112	2	105	3e-27	  104	93
CL63Contig21	AF060607.1	84.87	119	17	1	55	172	2	120	2e-31	  119	69
CL63Contig31	AF060607.1	84.09	220	30	5	136	352	229	12	3e-58	  209	50
CL63Contig32	AF060607.1	88.34	223	23	3	2	222	224	3	8e-76	  267	96
CL63Contig32	AF060640.1	82.97	229	33	6	7	231	162	388	2e-56	  202	97
CL63Contig39	AF060607.1	88.76	89	8	2	24	110	31	119	3e-28	  108	70
CL63Contig51	AF060640.1	96.59	88	3	0	8	95	344	257	4e-40	  147	85
CL63Contig51	AF060607.1	91.58	95	8	0	9	103	37	131	1e-35	  132	92
CL63Contig53	AF060607.1	94.74	152	7	1	1	151	85	236	4e-67	  237	96
CL63Contig57	AF060607.1	84.47	206	28	4	11	214	207	4	9e-56	  200	81
CL63Contig60	AF060607.1	87.06	85	10	1	54	137	35	119	2e-24	95.3	59
CL63Contig61	AF060607.1	86.67	75	9	1	1	74	105	31	2e-20	82.4	52
CL63Contig64	AF060640.1	84.74	190	25	3	4	190	211	399	5e-52	  187	98
CL63Contig64	AF060607.1	85.98	164	21	2	8	170	165	3	4e-48	  174	85
CL63Contig65	AF060607.1	82.69	104	18	0	12	115	118	15	7e-24	93.5	90
CL63Contig66	AF060607.1	89.89	89	7	2	31	117	119	31	9e-30	  113	46
CL63Contig72	AF060607.1	96.77	62	1	1	22	82	119	58	2e-26	  102	37
CL63Contig79	AF060607.1	88.03	117	10	4	1	115	78	192	1e-36	  135	97
CL63Contig81	AF060607.1	87.50	168	21	0	57	224	2	169	4e-54	  195	69
CL63Contig82	AF060607.1	93.14	102	7	0	1	102	21	122	4e-41	  150	89
CL63Contig83	AF060607.1	94.87	117	6	0	1	117	117	1	4e-51	  183	90
CL63Contig85	AF060607.1	86.87	99	10	3	8	104	167	70	2e-28	  108	91
CL63Contig87	AF060607.1	81.72	93	17	0	31	123	6	98	2e-19	78.7	66
CL63Contig88	AF060607.1	92.11	114	8	1	4	117	169	57	7e-44	  159	91
CL63Contig89	AF060607.1	95.00	60	3	0	1	60	60	1	2e-24	95.3	58
CL63Contig95	AF060607.1	90.70	86	8	0	1	86	4	89	1e-30	  115	100
CL63Contig97	AF060607.1	91.74	109	7	2	18	125	56	163	4e-41	  150	86
CL63Contig98	AF060607.1	89.42	104	11	0	1	104	66	169	1e-35	  132	90
CL63Contig104	AF060607.1	94.59	74	4	0	17	90	37	110	1e-30	  115	80
CL63Contig106	AF060607.1	97.62	84	2	0	12	95	168	85	1e-39	  145	88
CL63Contig111	AF060607.1	84.17	120	15	4	1	118	90	207	1e-29	  113	42
CL63Contig112	AF060607.1	87.16	109	12	2	31	138	60	167	1e-32	  122	69
CL63Contig113	AF060607.1	89.84	128	9	4	1	126	81	206	2e-44	  161	100
CL63Contig114	AF060640.1	86.87	99	11	2	1	97	399	301	6e-29	  110	100
CL63Contig119	AF060640.1	92.66	109	7	1	1	108	270	378	8e-43	  156	96
CL63Contig119	AF060607.1	87.96	108	13	0	1	108	110	3	2e-34	  128	96
CL63Contig120	AF060607.1	92.59	135	8	2	2	135	27	160	8e-54	  193	92
CL63Contig129	AF060640.1	84.18	158	19	5	2	155	408	253	2e-40	  148	99
CL63Contig131	AF060607.1	92.11	76	6	0	1	76	43	118	2e-28	  108	78
CL63Contig135	AF060607.1	90.52	116	11	0	6	121	164	49	3e-42	  154	96
CL63Contig135	AF060640.1	85.95	121	17	0	1	121	211	331	5e-35	  130	100
CL63Contig136	AF060607.1	87.86	140	15	2	1	139	45	183	6e-45	  163	99
CL63Contig139	AF060607.1	91.74	121	8	2	1	120	159	40	4e-46	  167	96
CL63Contig141	AF060607.1	91.67	108	9	0	8	115	57	164	4e-41	  150	86
CL63Contig143	AF060607.1	88.62	123	14	0	2	124	146	24	4e-41	  150	96
CL63Contig146	AF060607.1	89.58	96	9	1	10	104	207	112	3e-32	  121	91
CL63Contig151	AF060640.1	90.62	96	9	0	4	99	367	272	2e-34	  128	97
CL63Contig151	AF060607.1	90.62	96	9	0	4	99	13	108	2e-34	  128	97
CL63Contig154	AF060607.1	88.17	93	9	2	25	116	124	33	1e-28	  110	56
CL63Contig157	AF060607.1	94.38	89	4	1	25	113	120	33	1e-36	  135	76
CL63Contig158	AF060607.1	92.06	63	5	0	36	98	2	64	7e-23	89.8	64
CL63Contig167	AF060607.1	89.66	87	9	0	1	87	87	1	1e-29	  111	93
CL63Contig168	AF060640.1	87.50	88	9	2	1	87	270	184	3e-26	  100	100
CL63Contig177	AF060607.1	90.65	107	10	0	1	107	33	139	6e-39	  143	100
CL63Contig179	AF060640.1	87.76	147	16	2	5	149	253	399	4e-47	  171	96
CL63Contig187	AF060607.1	92.39	92	7	0	1	92	93	2	2e-35	  132	61
CL63Contig193	AF060607.1	89.76	205	20	1	13	216	3	207	3e-74	  261	92
CL63Contig204	AF060607.1	87.43	191	21	3	2	190	45	234	3e-61	  219	61
CL63Contig205	AF060640.1	86.34	161	17	4	1	156	426	266	4e-47	  171	99
CL63Contig208	AF060607.1	91.21	91	8	0	1	91	150	60	2e-33	  124	100
CL63Contig212	AF060607.1	91.79	134	10	1	2	135	15	147	1e-51	  185	99
CL63Contig214	AF060607.1	89.53	86	9	0	1	86	36	121	5e-29	  110	90
CL63Contig214	AF060640.1	85.88	85	12	0	2	86	343	259	2e-23	91.6	89
CL63Contig215	AF060607.1	88.89	144	15	1	13	156	165	23	9e-49	  176	92
CL63Contig215	AF060640.1	87.76	147	11	5	1	144	203	345	2e-45	  165	92
CL63Contig216	AF060607.1	88.68	106	7	5	11	113	236	133	2e-33	  124	89
CL63Contig217	AF060640.1	90.74	108	10	0	6	113	251	358	2e-39	  145	92
CL63Contig217	AF060607.1	88.51	87	10	0	12	98	123	37	9e-28	  106	74
CL63Contig222	AF060607.1	91.06	123	10	1	76	197	236	114	7e-46	  167	62
CL63Contig225	AF060607.1	91.75	97	8	0	7	103	133	37	1e-36	  135	84
CL63Contig228	AF060607.1	84.27	89	13	1	1	89	146	59	8e-22	86.1	100
CL63Contig234	AF060640.1	87.45	239	26	4	4	240	378	142	2e-77	  272	99
CL63Contig234	AF060607.1	86.34	205	25	3	4	206	3	206	6e-62	  220	85
CL63Contig237	AF060607.1	93.64	110	7	0	18	127	37	146	2e-45	  165	86
CL63Contig238	AF060640.1	86.05	215	20	8	85	294	157	366	2e-62	  222	70
CL63Contig238	AF060607.1	84.42	199	28	3	90	286	219	22	5e-54	  195	66
CL63Contig240	AF060607.1	86.60	209	25	3	76	282	229	22	1e-64	  230	72
CL63Contig240	AF060640.1	85.84	219	22	8	55	268	130	344	6e-63	  224	75
CL63Contig241	AF060607.1	89.80	98	10	0	1	98	11	108	6e-34	  126	100
CL63Contig242	AF060607.1	93.22	236	15	1	41	275	1	236	4e-100	  348	73
CL63Contig243	AF060607.1	86.21	174	23	1	1	173	31	204	5e-52	  187	100
CL63Contig248	AF060640.1	84.27	89	12	2	1	87	302	390	8e-22	86.1	100
CL63Contig251	AF060607.1	87.30	126	13	3	27	150	206	82	3e-38	  141	83
CL63Contig252	AF060607.1	89.00	100	9	2	22	120	63	161	1e-32	  122	61
CL63Contig255	AF060607.1	89.77	88	8	1	1	87	146	233	6e-30	  113	62
CL63Contig261	AF060607.1	87.18	78	10	0	6	83	22	99	6e-23	89.8	89
CL63Contig262	AF060640.1	95.12	82	3	1	8	88	242	161	2e-34	  128	77
CL63Contig266	AF060607.1	88.24	85	9	1	5	88	119	35	3e-26	  100	87
CL63Contig267	AF060607.1	87.64	89	9	2	4	90	119	31	1e-26	  102	67
CL63Contig268	AF060607.1	86.67	90	10	2	3	90	31	120	1e-25	99.0	95
CL63Contig271	AF060607.1	95.24	63	2	1	88	149	57	119	2e-25	99.0	35
CL63Contig272	AF060607.1	96.30	54	2	0	91	144	58	111	1e-22	89.8	37
CL63Contig275	AF060607.1	86.79	53	7	0	1	53	87	35	6e-14	60.2	49
CL63Contig276	AF060607.1	89.66	87	6	3	22	106	120	35	3e-28	  108	62
CL63Contig277	AF060607.1	90.48	63	5	1	22	83	57	119	1e-20	82.4	72
CL63Contig279	AF060607.1	89.41	85	8	1	23	106	119	35	1e-27	  106	51
CL31Contig848	AF060640.1	83.43	169	18	6	138	305	68	227	4e-40	  148	55
CL31Contig912	AF060640.1	89.41	85	6	3	1	84	221	139	3e-27	  104	69
