Cluster	a	b	c	Optimum	Category
CL0001	70490.100000	-157772.575531	33625.539875	90	4*
CL0002	39868.500000	-107686.853079	39830.516481	90	4*
CL0003	137121.900000	-77974.723926	-33065.114294	91	5
CL0004	177454.300000	-141948.187639	-48572.240473	91	5
CL0005	904899.047619	-8394.612554	NA	90	3
CL0006	128038.400000	-62831.720225	-41865.429898	93	5
CL0007	743631.785714	-7429.311688	NA	90	3
CL0008	60241.600000	-115498.105457	35759.500658	90	4*
CL0009	31115.300000	-57367.726008	7583.261621	90	4*
CL0010	294788.300000	-644010.926831	142530.058157	90	4*
CL0011	263056.200000	-601674.391685	114785.894004	90	4*
CL0012	3174626.047619	-31882.476190	NA	90	3
CL0013	1037234.309524	-10397.913420	NA	90	3
CL0014	42889.000000	-117714.325796	38556.942839	90	4*
CL0015	36260.300000	-95610.255091	32302.981859	90	4*
CL0016	4348764.833333	-42149.878788	NA	90	3
CL0017	9128248.619048	-90321.963203	NA	90	3
CL0018	27623.800000	-68109.581644	15976.049714	90	4*
CL0019	67369.800000	-118628.532031	12618.658551	90	4*
CL0020	173076.800000	-101672.574912	-45915.224511	92	5
CL0021	738892.095238	-7323.770563	NA	90	3
CL0022	29937.600000	-59454.677057	8784.507558	90	4*
CL0023	1395910.404762	-14010.093074	NA	90	3
CL0024	21802.100000	-42628.655029	7558.769434	90	4*
CL0025	372543.547619	-3617.976190	NA	90	3
CL0026	244427.404762	-2382.683983	NA	90	3
CL0027	74589.200000	-96214.822573	-17026.349130	90	5
CL0028	472206.880952	-4710.445887	NA	90	3
CL0029	445670.547619	-4455.885281	NA	90	3
CL0030	32690.800000	-64962.218775	7305.735346	90	4*
CL0031	873423.166667	-8493.348485	NA	90	3
CL0032	187515.600000	-427306.223449	80300.197763	90	4*
CL0033	716842.452381	-5661.387446	NA	90	3
CL0034	43704.200000	-31595.262085	-12598.766801	91	5
CL0035	52020.900000	-51436.548041	-20522.174828	91	5
CL0036	97365.900000	-109992.332271	-24440.909653	90	5
CL0037	455298.214286	-4554.279221	NA	90	3
CL0038	711449.357143	-5868.480519	NA	90	3
CL0039	47227.100000	-10781.658011	-21931.845160	94	5
CL0040	-404430.714286	5119.961039	NA	100	1
CL0041	116257.500000	-975.545455	NA	90	3
CL0042	62980.100000	-47736.487696	-30306.176318	93	5
CL0043	224310.000000	-300641.502569	-89460.867582	90	5
CL0044	488490.404762	-3445.093074	NA	90	3
CL0045	58783.000000	-69724.064154	-15928.821232	90	5
CL0046	57551.500000	-125046.035506	19710.847313	90	4*
CL0047	104103.500000	-155477.686724	-33387.340566	90	5
CL0048	35414.600000	-113946.062532	55293.223607	90	4*
CL0049	8400.200000	-25333.514268	11339.255347	90	4*
CL0050	92510.000000	-91806.059417	-65339.610566	93	5
CL0051	58545.700000	-171700.660129	64433.971576	90	4*
CL0052	35223.300000	-75042.019235	14607.281634	90	4*
CL0053	657912.523810	-6622.465368	NA	90	3
CL0054	29183.100000	-34985.059489	-6693.505930	90	5
CL0055	1127425.690476	-10412.995671	NA	90	3
CL0056	16449.800000	-16279.316755	-3641.058044	90	5
CL0057	824329.100000	329865.912194	-712022.193122	96	5
CL0058	367526.595238	-2163.179654	NA	90	3
CL0059	83398.333333	-807.651515	NA	90	3
CL0060	128943.900000	-42882.782682	-93952.274081	94	5
CL0061	519454.190476	-5146.086580	NA	90	3
CL0062	5143391.857143	-51121.116883	NA	90	3
CL0063	3308334.047619	-32909.476190	NA	90	3
CL0064	96571.000000	31182.028965	-39589.813772	96	5
CL0065	405150.404762	-4005.638528	NA	90	3
CL0066	1222779.976190	-12271.716450	NA	90	3
CL0067	171129.100000	-90011.685989	-98324.861869	94	5
CL0068	136878.900000	-158009.121894	-83879.037024	92	5
CL0069	13510.200000	-34376.850912	7943.786409	90	4*
CL0070	60285.200000	-68649.233596	-21157.511784	90	5
CL0071	17215.700000	614.179973	-6419.682079	95	5
CL0072	76826.400000	-107857.610050	-33037.200626	90	5
CL0073	9341.700000	-21952.080979	5745.469671	90	4*
CL0074	77104.200000	-68803.616041	-28919.187095	91	5
CL0075	330971.285714	-3290.629870	NA	90	3
CL0076	34670.200000	-71812.097129	9708.979745	90	4*
CL0077	159135.700000	-207518.011609	-67892.226200	90	5
CL0078	230024.285714	-2261.266234	NA	90	3
CL0079	12290.500000	-27950.712839	6118.105098	90	4*
CL0080	54515.857143	-447.298701	NA	90	3
CL0081	1677630.523810	-15999.919913	NA	90	3
CL0082	815505.928571	-8201.558442	NA	90	3
CL0083	26433.900000	-35525.793366	-8765.574024	90	5
CL0084	455755.119048	-4585.326840	NA	90	3
CL0085	581877.952381	-5860.205628	NA	90	3
CL0086	495486.500000	-4965.409091	NA	90	3
CL0087	798520.119048	-8023.190476	NA	90	3
CL0088	281055.900000	-72596.097791	-231430.073728	94	5
CL0089	24578.900000	-31471.797741	-5755.939805	90	5
CL0090	16621.300000	-20962.389635	-4265.337896	90	5
CL0091	7011.800000	-21535.498052	9766.347249	90	4*
CL0092	6736.300000	-17080.045651	4488.893065	90	4*
CL0093	69205.600000	-174374.930270	35948.299196	90	4*
CL0094	123450.190476	-1202.813853	NA	90	3
CL0095	13871.800000	-32538.576276	5549.180999	90	4*
CL0096	90923.100000	-69827.325620	-39890.497756	92	5
CL0097	35474.700000	-28200.200697	-20030.254124	93	5
CL0098	-104217.000000	1196.909091	NA	100	1
CL0099	474347.833333	-4771.151515	NA	90	3
CL0100	32000.700000	-26439.054864	-14178.502811	92	5
CL0101	4581.800000	-11627.245202	2865.876823	90	4*
CL0102	11487.000000	-25400.697679	3506.406202	90	4*
CL0103	93430.900000	-65019.810501	-61103.525832	93	5
CL0104	130682.100000	598151.080514	562645.374770	100	4
CL0105	27679.900000	-4025.220569	-22311.825233	95	5
CL0106	42302.500000	-7367.704539	-35734.225845	95	5
CL0107	77517.200000	-68907.127182	-52165.136905	93	5
CL0108	24847.700000	-26986.779645	-15655.534182	92	5
CL0109	16297.100000	-23606.948438	-5344.589465	90	5
CL0110	10777.800000	1322.466658	-2767.642183	96	5
CL0111	58869.900000	301733.789579	302831.796500	100	4
CL0112	33188.900000	-34405.688388	-13350.233446	91	5
CL0113	13241.800000	-9567.425515	-6456.605982	93	5
CL0114	1710602.095238	-17043.770563	NA	90	3
CL0115	23938.500000	-9815.248871	-15726.572561	94	5
CL0116	167824.600000	851668.694085	815534.241269	100	4
CL0117	25222.000000	-171.227273	NA	90	3
CL0118	5814.300000	-14966.545814	3990.169533	90	4*
CL0119	88324.023810	-878.101732	NA	90	3
CL0120	62593.000000	6430.694644	-56001.495305	95	5
CL0121	161802.400000	528012.992603	336685.717738	100	4
CL0122	278337.000000	-2778.181818	NA	90	3
CL0123	5841.900000	-16330.874666	5998.614130	90	4*
CL0124	22201.000000	-29029.933518	-10281.260106	91	5
CL0125	16472.100000	8769.984008	-13198.138070	96	5
CL0126	54992.800000	-84073.080187	-21190.201478	90	5
CL0127	37603.500000	-48777.778563	-20191.901553	91	5
CL0128	-22726.190476	325.677489	NA	100	1
CL0129	4362.800000	-12795.828764	5196.773450	90	4*
CL0130	349196.452381	-3499.569264	NA	90	3
CL0131	44216.452381	-385.387446	NA	90	3
CL0132	900036.785714	-8977.584416	NA	90	3
CL0133	99029.200000	501299.128664	472750.962372	100	4
CL0134	-380810.523810	4421.874459	NA	100	1
CL0135	5756.300000	-15720.668689	5256.935331	90	4*
CL0136	22739.300000	105216.858793	89631.941644	100	4
CL0137	17903.400000	-28235.696175	-6707.713606	90	5
CL0138	26089.100000	-60237.512570	11795.160195	90	4*
CL0139	80809.900000	-119933.042887	-33160.825465	90	5
CL0140	1338290.285714	-13530.584416	NA	90	3
CL0141	45258.800000	-107130.784988	14637.011396	90	4*
CL0142	39853.100000	-8127.195428	-39425.577656	95	5
CL0143	5528.700000	-6091.053264	-3030.228325	92	5
CL0144	45438.200000	233598.928329	240102.179106	100	4
CL0145	55747.700000	-55734.164159	-33725.791281	92	5
CL0146	59744.500000	-72683.754563	-23548.675645	90	5
CL0147	46541.600000	240034.574863	239804.886502	100	4
CL0148	55083.500000	11458.423212	-53994.711280	95	5
CL0149	19807.200000	96708.825591	88007.099274	100	4
CL0150	52333.600000	-57409.733846	-25618.220272	92	5
CL0151	5402.100000	-1821.650435	-1607.815233	93	5
CL0152	25090.100000	-30849.191233	-12623.825890	91	5
CL0153	18232.900000	87182.034701	78387.499455	100	4
CL0154	-348687.571429	3859.077922	NA	100	1
CL0155	11533.300000	-10854.500725	-5848.851583	92	5
CL0156	16646.000000	21340.564207	-8573.308853	98	5
CL0157	85147.476190	-846.989177	NA	90	3
CL0158	11434.900000	-16889.626764	-4962.632760	90	5
CL0159	109577.500000	-7766.040376	-92169.757615	95	5
CL0160	4045.200000	-11880.603023	4969.841951	90	4*
CL0161	246746.785714	-2475.493506	NA	90	3
CL0162	31245.200000	-16059.124111	-16683.468550	93	5
CL0163	27820.300000	-12337.882994	-19491.817329	94	5
CL0164	20172.800000	-3155.664567	-13626.390125	95	5
CL0165	45398.200000	31904.609550	-28183.302740	97	5
CL0166	13389.400000	-31940.978892	5277.469235	90	4*
CL0167	8332.600000	-22752.643425	7365.024297	90	4*
CL0168	17211.400000	84629.522790	80849.074590	100	4
CL0169	16016.700000	75281.707344	66181.184577	100	4
CL0170	131564.404762	-1311.229437	NA	90	3
CL0171	107246.476190	-1077.898268	NA	90	3
CL0172	416120.190476	-4125.450216	NA	90	3
CL0173	17069.400000	81724.552844	74958.959543	100	4
CL0174	47109.800000	-21780.907883	-38028.088198	94	5
CL0175	296245.000000	-2924.318182	NA	90	3
CL0176	16501.300000	79905.523998	71042.848523	100	4
CL0177	14198.400000	70688.184605	67018.338757	100	4
CL0178	15397.200000	73136.269900	65244.441213	100	4
CL0179	17825.400000	-10129.360970	-11566.593209	94	5
CL0180	11239.100000	-17180.935203	-4424.903339	90	5
CL0181	4740.500000	-3632.876934	-2392.979956	93	5
CL0182	208427.023810	-2101.192641	NA	90	3
CL0183	6677.000000	-3729.417978	-2769.799422	93	5
CL0184	21230.600000	-3707.217699	-18735.368969	95	5
CL0185	65357.600000	324789.080854	297100.067939	100	4
CL0186	32946.200000	-43789.394632	-8801.133348	90	5
CL0187	25787.800000	10535.582380	-21029.547383	96	5
CL0188	14615.900000	62756.110278	47117.729673	100	4
CL0189	21474.400000	107400.725399	106777.821876	100	4
CL0190	14116.100000	67643.479820	61087.291355	100	4
CL0191	14043.400000	62651.142699	55149.942810	100	4
CL0192	18086.900000	-1525.868650	-10024.117230	95	5
CL0193	104148.000000	548633.077658	540169.985678	100	4
CL0194	35245.500000	176215.285532	177208.752027	100	4
CL0195	29318.900000	-39413.546979	-8839.477015	90	5
CL0196	30860.200000	158224.716355	159989.821666	100	4
CL0197	21076.600000	103014.016878	104354.530205	100	4
CL0198	4356.600000	-355.745424	-2280.673095	95	5
CL0199	4877.100000	-12370.111889	2932.655909	90	4*
CL0200	82093.928571	-801.149351	NA	90	3
CL0201	40782.500000	-1758.232956	-29879.835677	95	5
CL0202	30192.500000	154045.383823	150912.090156	100	4
CL0203	10207.500000	-2580.808424	-6069.030421	94	5
CL0204	3306.000000	-4385.335307	-1058.662480	90	5
CL0205	29512.500000	149812.870491	149733.349739	100	4
CL0206	2061.900000	-4316.924326	542.826525	90	4*
CL0207	67198.100000	282433.258305	201401.238062	100	4
CL0208	13746.700000	-193.206925	-11740.822859	95	5
CL0209	13521.800000	68577.764095	67838.842062	100	4
CL0210	11585.600000	55366.538360	50557.391907	100	4
CL0211	-9945.000000	161.454545	NA	100	1
CL0212	1485.500000	-3992.721191	1521.631031	90	4*
CL0213	2464.000000	-6114.543531	1395.542926	90	4*
CL0214	76936.976190	-773.261905	NA	90	3
CL0215	2711.100000	-1917.983416	-1312.424010	93	5
CL0216	11150.500000	48731.692698	39494.228021	100	4
CL0217	12799.900000	-29227.634595	7207.721447	90	4*
CL0218	2427.600000	-5971.875010	1466.004368	90	4*
CL0219	26405.400000	134706.132101	135240.808130	100	4
CL0220	1173.300000	-3247.316140	1285.990308	90	4*
CL0221	1322.500000	-3309.235568	1044.981572	90	4*
CL0222	11022.800000	50837.931150	42059.144934	100	4
CL0223	-32054.071429	367.487013	NA	100	1
CL0224	9751.300000	-5552.025501	-7441.837053	94	5
CL0225	1196.800000	-2754.623916	719.474290	90	4*
CL0226	3788.400000	-5485.403858	-1038.464703	90	5
CL0227	124706.452381	-1247.614719	NA	90	3
CL0228	10948.600000	48113.996467	42545.200958	100	4
CL0229	7018.200000	-17356.186326	3706.713359	90	4*
CL0230	3952.800000	-7009.295913	820.714013	90	4*
CL0231	214635.761905	-2157.619048	NA	90	3
CL0232	16480.000000	78912.524458	71726.768505	100	4
CL0233	10151.400000	44965.301998	36180.202377	100	4
CL0234	7980.900000	-15086.764381	2531.424524	90	4*
CL0235	3616.400000	-8966.707191	2133.057753	90	4*
CL0236	9395.600000	44426.711165	40368.637215	100	4
CL0237	12185.000000	61545.539684	64729.638726	100	4
CL0238	10294.300000	50900.766054	47581.480851	100	4
CL0239	3562.500000	-3949.340140	-1351.635589	91	5
CL0240	9430.600000	46283.461760	43647.148687	100	4
CL0241	8826.900000	40477.287800	35626.464237	100	4
CL0242	99765.738095	-1005.108225	NA	90	3
CL0243	8391.400000	41424.596793	39787.040592	100	4
CL0244	15702.400000	-34816.403950	4510.876834	90	4*
CL0245	2482.500000	-3790.692412	-1128.331262	90	5
CL0246	66191.900000	354800.674499	360253.868735	100	4
CL0247	3916.300000	-12587.037951	6108.623280	90	4*
CL0248	1617.700000	-1595.236719	-559.076052	91	5
CL0249	8305.800000	39890.925796	36256.302742	100	4
CL0250	2797.100000	-7221.186860	1844.745283	90	4*
CL0251	19252.400000	22740.367732	-9111.143628	98	5
CL0252	1081.400000	-1743.398093	382.934988	90	4*
CL0253	6620.200000	935.012494	-3794.899278	95	5
CL0254	30811.500000	-311.545455	NA	90	3
CL0255	43177.100000	146054.885519	90257.791765	100	4
CL0256	8307.200000	40648.336059	36438.198115	100	4
CL0257	7885.000000	40463.077125	38584.038763	100	4
CL0258	17091.300000	87965.244726	88485.931056	100	4
CL0259	13170.000000	64823.253768	66458.454994	100	4
CL0260	6619.900000	-15710.536040	3416.494492	90	4*
CL0261	1546.400000	-4226.729191	1568.678906	90	4*
CL0262	12250.600000	2844.049219	-8028.199669	95	5
CL0263	6765.000000	32163.668287	29691.438485	100	4
CL0264	6148.095238	-42.997835	NA	90	3
CL0265	6853.700000	31529.576724	27760.965532	100	4
CL0266	7438.300000	36395.266143	33649.731051	100	4
CL0267	53477.900000	-65111.462074	-30591.343233	92	5
CL0268	4752.000000	-5433.970784	-1302.942192	90	5
CL0269	1176.400000	-2780.590127	580.628374	90	4*
CL0270	30614.900000	-23210.464358	-19612.557489	93	5
CL0271	14392.000000	69464.610098	67839.644756	100	4
CL0272	26143.000000	-258.272727	NA	90	3
CL0273	7627.400000	36116.920004	32533.691034	100	4
CL0274	2302.333333	11708.006065	11333.443571	100	4
CL0275	19790.300000	-26896.438866	-9874.164042	91	5
CL0276	2607.400000	-3296.377299	-1026.454401	90	5
CL0277	2052.200000	-2384.418141	-1255.407684	92	5
CL0278	1716.100000	-1222.118068	-1445.585851	94	5
CL0279	24782.714286	-247.824675	NA	90	3
CL0280	804.100000	-1997.567359	612.259516	90	4*
CL0281	19103.690476	-188.722944	NA	90	3
CL0282	1752.400000	-3633.126609	1004.836861	90	4*
CL0283	64493.880952	-650.718615	NA	90	3
CL0284	2459.000000	-3305.906566	-1195.601998	91	5
CL0285	-74724.214286	844.188312	NA	100	1
CL0286	851.900000	-2357.286779	858.922225	90	4*
CL0287	1323.300000	-1585.416165	-438.039900	90	5
CL0288	1531.600000	-638.086365	-1158.427253	94	5
CL0289	2263.600000	-5641.679673	1321.138251	90	4*
CL0290	31892.571429	-318.668831	NA	90	3
CL0291	4437.000000	20728.756148	18116.136052	100	4
CL0292	113855.261905	-1148.164502	NA	90	3
CL0293	1923.700000	-1277.317075	-949.195148	93	5
CL0294	813.900000	-2696.428808	1512.134163	90	4*
CL0295	9275.500000	6573.113490	-10402.200939	96	5
CL0296	5537.600000	26336.708874	26013.767582	100	4
CL0297	1895.900000	-1066.154347	-1126.605471	93	5
CL0298	5261.000000	-3169.625567	-4476.019867	94	5
CL0299	4985.800000	23412.888456	21522.376134	100	4
CL0300	891.800000	-1985.936660	272.499407	90	4*
CL0301	967.200000	-41.737356	-524.219085	95	5
CL0302	862.300000	194.143207	-373.021723	96	5
CL0303	92871.880952	-927.127706	NA	90	3
CL0304	4777.100000	21974.780608	18585.651572	100	4
CL0305	7170.119048	-69.372294	NA	90	3
CL0306	4863.200000	-3441.480153	-3513.700680	93	5
CL0307	77085.690476	-779.177489	NA	90	3
CL0308	4607.800000	7842.628217	-3586.093604	98	5
CL0309	540.300000	-1279.460120	289.717184	90	4*
CL0310	18019.523810	-179.783550	NA	90	3
CL0311	34993.285714	-310.584416	NA	90	3
CL0312	13983.600000	35805.429494	5787.335156	100	4
CL0313	509.400000	-972.942305	112.176423	90	4*
CL0314	924.600000	241.706316	-739.145298	95	5
CL0315	1814.400000	6262.053288	3881.815526	100	4
CL0316	468.400000	-1374.295050	647.151601	90	4*
CL0317	789.400000	-1896.636194	391.017109	90	4*
CL0318	721.300000	-648.718364	-297.197284	92	5
CL0319	1351.300000	-2957.797039	554.982315	90	4*
CL0320	1606.300000	6847.360796	5833.444883	100	4
CL0321	2784.400000	12607.823404	10079.518135	100	4
CL0322	5056.300000	24004.410413	23147.755305	100	4
CL0323	746.000000	3979.405185	4034.448116	100	4
CL0324	309.200000	-899.579434	385.543742	90	4*
CL0325	34818.095238	-352.588745	NA	90	3
CL0326	-29523.380952	351.673160	NA	100	1
CL0327	648.800000	-248.509963	-402.932091	94	5
CL0328	886.100000	98.143126	-620.140964	95	5
CL0329	1229.700000	-989.670538	-580.422684	92	5
CL0330	-21724.523810	248.419913	NA	100	1
CL0331	177.300000	-568.302171	387.595628	90	4*
CL0332	974.700000	866.455869	-980.635651	96	5
CL0333	3091.900000	212.390297	-1151.278264	95	5
CL0334	1281.100000	-135.511168	-1074.415340	95	5
CL0335	381.700000	-1031.074994	367.698861	90	4*
CL0336	-6396.714286	77.915584	NA	100	1
CL0337	408.700000	-749.254210	92.199387	90	4*
CL0338	300.500000	-808.219149	283.762201	90	4*
CL0339	325.200000	-830.606684	210.039816	90	4*
CL0340	989.400000	-2373.307598	460.721009	90	4*
CL0341	17621.071429	-175.987013	NA	90	3
CL0342	390.800000	-295.948235	-108.373662	91	5
CL0343	503.500000	-121.196461	-366.238962	94	5
CL0344	397.700000	-21.971410	269.278599	100	4*
CL0345	7584.200000	-1997.941871	-8535.180910	95	5
CL0346	238.600000	-578.060307	117.890597	90	4*
CL0347	396.100000	-591.272281	-167.697732	90	5
CL0348	505.300000	600.801548	-289.235568	98	5
CL0349	683.200000	351.813041	-489.387202	96	5
CL0350	1609.900000	1473.873808	-708.211496	98	5
CL0351	2312.400000	-212.161428	-2204.462360	95	5
CL0352	1254.800000	4901.351348	3853.445739	100	4
CL0353	381.400000	170.777778	-226.881330	96	5
CL0354	400.600000	-487.240984	-213.606785	91	5
CL0355	214.900000	-296.842904	69.362756	90	4*
CL0356	248.900000	-556.400991	77.655583	90	4*
CL0357	4663.333333	-46.878788	NA	90	3
CL0358	418.200000	-498.850877	-303.307789	92	5
CL0359	109.800000	-318.627057	200.793790	90	4*
CL0360	2080.000000	-1211.132363	-1984.589548	94	5
CL0361	362.500000	-847.542979	159.515274	90	4*
CL0362	155.500000	-450.767611	230.092104	90	4*
CL0363	130.200000	-308.057478	93.383360	90	4*
CL0364	122.900000	-408.780580	249.607591	90	4*
CL0365	157.900000	-429.898933	163.252816	90	4*
CL0366	376.400000	1971.351472	2001.807325	100	4
CL0367	178.100000	-425.654456	143.055040	90	4*
CL0368	-921.571429	11.850649	NA	100	1
CL0369	442.250000	1851.066588	1800.853076	100	4
CL0370	479.666667	1902.372734	1418.634504	100	4
CL0371	128.300000	-339.225254	118.281910	90	4*
CL0372	139.800000	-107.963680	64.872689	90	4*
CL0373	276.900000	-157.649028	-170.201132	93	5
CL0374	890.600000	3889.875851	3324.390425	100	4
CL0375	175.300000	-199.095097	-31.184644	90	5
CL0376	113.000000	-292.431977	96.147636	90	4*
CL0377	189.000000	890.507905	848.015627	100	4
CL0378	2801.452381	-27.978355	NA	90	3
CL0379	195.000000	-436.203230	63.106763	90	4*
CL0380	138.600000	-391.532191	166.117429	90	4*
CL0381	77.200000	-230.138036	141.038272	90	4*
CL0382	3910.428571	-39.467532	NA	90	3
CL0383	102.300000	-293.763577	148.688945	90	4*
CL0384	854.400000	-865.790069	-611.381570	93	5
CL0385	-25.761905	3.528139	NA	100	1
CL0386	235.500000	-25.071543	-217.409546	95	5
CL0387	90.300000	-218.652981	52.897504	90	4*
CL0388	302.800000	396.276018	-129.966118	100	6
CL0389	213.100000	-234.861057	-96.308175	91	5
CL0390	260.500000	-307.308452	-116.485884	91	5
CL0391	130.500000	-280.780471	48.211781	90	4*
CL0392	197.000000	941.795335	872.312157	100	4
CL0393	428.300000	257.498267	-211.163587	97	5
CL0394	393.400000	1258.513993	696.541087	100	4
CL0395	181.900000	32.104058	-69.091847	96	5
